timestamp,group_id,target,lag_1h,lag_24h,rolling_mean_3h
2024-10-01 00:00:00+00:00,28,0,,,
2024-10-01 01:00:00+00:00,28,0,"4,944,352,121,928,270",,
2024-10-01 02:00:00+00:00,28,0,"4,944,352,121,928,270",,
2024-10-01 03:00:00+00:00,28,0,"4,944,352,121,928,270",,"4,944,352,121,928,270"
2024-10-01 04:00:00+00:00,28,0,"4,944,352,121,928,270",,"4,944,352,121,928,270"
2024-10-01 05:00:00+00:00,28,0,"4,944,352,121,928,270",,"4,944,352,121,928,270"
2024-10-01 06:00:00+00:00,28,0,"4,944,352,121,928,270",,"4,944,352,121,928,270"
2024-10-01 07:00:00+00:00,28,0,"4,944,352,121,928,270",,"4,944,352,121,928,270"
2024-10-01 08:00:00+00:00,28,0,"4,944,352,121,928,270",,"4,944,352,121,928,270"
2024-10-01 09:00:00+00:00,28,0,"4,944,352,121,928,270",,"4,944,352,121,928,270"
2024-10-01 10:00:00+00:00,28,0,"4,944,352,121,928,270",,"4,944,352,121,928,270"
2024-10-01 11:00:00+00:00,28,0,"4,944,352,121,928,270",,"4,944,352,121,928,270"
2024-10-01 12:00:00+00:00,28,0,"4,944,352,121,928,270",,"4,944,352,121,928,270"
2024-10-01 13:00:00+00:00,28,0,"4,944,352,121,928,270",,"4,944,352,121,928,270"
2024-10-01 14:00:00+00:00,28,0,"4,944,352,121,928,270",,"4,944,352,121,928,270"
2024-10-01 15:00:00+00:00,28,0,"4,944,352,121,928,270",,"4,944,352,121,928,270"
2024-10-01 16:00:00+00:00,28,0,"4,944,352,121,928,270",,"4,944,352,121,928,270"
2024-10-01 17:00:00+00:00,28,0,"4,944,352,121,928,270",,"4,944,352,121,928,270"
2024-10-01 18:00:00+00:00,28,0,"4,944,352,121,928,270",,"4,944,352,121,928,270"
2024-10-01 19:00:00+00:00,28,0,"4,944,352,121,928,270",,"4,944,352,121,928,270"
2024-10-01 20:00:00+00:00,28,0,"4,944,352,121,928,270",,"4,944,352,121,928,270"
2024-10-01 21:00:00+00:00,28,0,"4,944,352,121,928,270",,"4,944,352,121,928,270"
2024-10-01 22:00:00+00:00,28,0,"4,944,352,121,928,270",,"4,944,352,121,928,270"
2024-10-01 23:00:00+00:00,28,0,"4,944,352,121,928,270",,"4,944,352,121,928,270"
2024-10-02 00:00:00+00:00,28,0,"4,944,352,121,928,270","4,944,352,121,928,270","4,944,352,121,928,270"
2024-10-02 01:00:00+00:00,28,0,"4,944,352,121,928,270","4,944,352,121,928,270","4,944,352,121,928,270"
2024-10-02 02:00:00+00:00,28,0,"4,944,352,121,928,270","4,944,352,121,928,270","4,944,352,121,928,270"
2024-10-02 03:00:00+00:00,28,0,"4,944,352,121,928,270","4,944,352,121,928,270","4,944,352,121,928,270"
2024-10-02 04:00:00+00:00,28,0,"4,944,352,121,928,270","4,944,352,121,928,270","4,944,352,121,928,270"
2024-10-02 05:00:00+00:00,28,0,"4,944,352,121,928,270","4,944,352,121,928,270","4,944,352,121,928,270"
2024-10-02 06:00:00+00:00,28,0,"4,944,352,121,928,270","4,944,352,121,928,270","4,944,352,121,928,270"
2024-10-02 07:00:00+00:00,28,0,"4,944,352,121,928,270","4,944,352,121,928,270","4,944,352,121,928,270"
2024-10-02 08:00:00+00:00,28,0,"4,944,352,121,928,270","4,944,352,121,928,270","4,944,352,121,928,270"
2024-10-02 09:00:00+00:00,28,0,"4,944,352,121,928,270","4,944,352,121,928,270","4,944,352,121,928,270"
2024-10-02 10:00:00+00:00,28,0,"4,944,352,121,928,270","4,944,352,121,928,270","4,944,352,121,928,270"
2024-10-02 11:00:00+00:00,28,0,"4,944,352,121,928,270","4,944,352,121,928,270","4,944,352,121,928,270"
2024-10-02 12:00:00+00:00,28,0,"4,944,352,121,928,270","4,944,352,121,928,270","4,944,352,121,928,270"
2024-10-02 13:00:00+00:00,28,0,"4,944,352,121,928,270","4,944,352,121,928,270","4,944,352,121,928,270"
2024-10-02 14:00:00+00:00,28,0,"4,944,352,121,928,270","4,944,352,121,928,270","4,944,352,121,928,270"
2024-10-02 15:00:00+00:00,28,0,"4,944,352,121,928,270","4,944,352,121,928,270","4,944,352,121,928,270"
2024-10-02 16:00:00+00:00,28,0,"4,944,352,121,928,270","4,944,352,121,928,270","4,944,352,121,928,270"
2024-10-02 17:00:00+00:00,28,0,"4,944,352,121,928,270","4,944,352,121,928,270","4,944,352,121,928,270"
2024-10-02 18:00:00+00:00,28,0,"4,944,352,121,928,270","4,944,352,121,928,270","4,944,352,121,928,270"
2024-10-02 19:00:00+00:00,28,0,"4,944,352,121,928,270","4,944,352,121,928,270","4,944,352,121,928,270"
2024-10-02 20:00:00+00:00,28,0,"4,944,352,121,928,270","4,944,352,121,928,270","4,944,352,121,928,270"
2024-10-02 21:00:00+00:00,28,0,"4,944,352,121,928,270","4,944,352,121,928,270","4,944,352,121,928,270"
2024-10-02 22:00:00+00:00,28,0,"4,944,352,121,928,270","4,944,352,121,928,270","4,944,352,121,928,270"
2024-10-02 23:00:00+00:00,28,0,"4,944,352,121,928,270","4,944,352,121,928,270","4,944,352,121,928,270"
2024-10-01 00:00:00+00:00,29,0,,,
2024-10-01 01:00:00+00:00,29,0,"0,10504981506777983",,
2024-10-01 02:00:00+00:00,29,0,"0,10504981506777983",,
2024-10-01 03:00:00+00:00,29,0,"0,10504981506777983",,"0,10504981506777983"
2024-10-01 04:00:00+00:00,29,0,"0,10504981506777983",,"0,10504981506777983"
2024-10-01 05:00:00+00:00,29,0,"0,10504981506777983",,"0,10504981506777983"
2024-10-01 06:00:00+00:00,29,0,"0,10504981506777983",,"0,10504981506777983"
2024-10-01 07:00:00+00:00,29,0,"0,10504981506777983",,"0,10504981506777983"
2024-10-01 08:00:00+00:00,29,0,"0,10504981506777983",,"0,10504981506777983"
2024-10-01 09:00:00+00:00,29,0,"0,10504981506777983",,"0,10504981506777983"
2024-10-01 10:00:00+00:00,29,0,"0,10504981506777983",,"0,10504981506777983"
2024-10-01 11:00:00+00:00,29,0,"0,10504981506777983",,"0,10504981506777983"
2024-10-01 12:00:00+00:00,29,0,"0,10504981506777983",,"0,10504981506777983"
2024-10-01 13:00:00+00:00,29,0,"0,10504981506777983",,"0,10504981506777983"
2024-10-01 14:00:00+00:00,29,0,"0,10504981506777983",,"0,10504981506777983"
2024-10-01 15:00:00+00:00,29,0,"0,10504981506777983",,"0,10504981506777983"
2024-10-01 16:00:00+00:00,29,0,"0,10504981506777983",,"0,10504981506777983"
2024-10-01 17:00:00+00:00,29,0,"0,10504981506777983",,"0,10504981506777983"
2024-10-01 18:00:00+00:00,29,0,"0,10504981506777983",,"0,10504981506777983"
2024-10-01 19:00:00+00:00,29,0,"0,10504981506777983",,"0,10504981506777983"
2024-10-01 20:00:00+00:00,29,0,"0,10504981506777983",,"0,10504981506777983"
2024-10-01 21:00:00+00:00,29,0,"0,10504981506777983",,"0,10504981506777983"
2024-10-01 22:00:00+00:00,29,0,"0,10504981506777983",,"0,10504981506777983"
2024-10-01 23:00:00+00:00,29,0,"0,10504981506777983",,"0,10504981506777983"
2024-10-02 00:00:00+00:00,29,0,"0,10504981506777983","0,10504981506777983","0,10504981506777983"
2024-10-02 01:00:00+00:00,29,0,"0,10504981506777983","0,10504981506777983","0,10504981506777983"
2024-10-02 02:00:00+00:00,29,0,"0,10504981506777983","0,10504981506777983","0,10504981506777983"
2024-10-02 03:00:00+00:00,29,0,"0,10504981506777983","0,10504981506777983","0,10504981506777983"
2024-10-02 04:00:00+00:00,29,0,"0,10504981506777983","0,10504981506777983","0,10504981506777983"
2024-10-02 05:00:00+00:00,29,0,"0,10504981506777983","0,10504981506777983","0,10504981506777983"
2024-10-02 06:00:00+00:00,29,0,"0,10504981506777983","0,10504981506777983","0,10504981506777983"
2024-10-02 07:00:00+00:00,29,0,"0,10504981506777983","0,10504981506777983","0,10504981506777983"
2024-10-02 08:00:00+00:00,29,0,"0,10504981506777983","0,10504981506777983","0,10504981506777983"
2024-10-02 09:00:00+00:00,29,0,"0,10504981506777983","0,10504981506777983","0,10504981506777983"
2024-10-02 10:00:00+00:00,29,0,"0,10504981506777983","0,10504981506777983","0,10504981506777983"
2024-10-02 11:00:00+00:00,29,0,"0,10504981506777983","0,10504981506777983","0,10504981506777983"
2024-10-02 12:00:00+00:00,29,0,"0,10504981506777983","0,10504981506777983","0,10504981506777983"
2024-10-02 13:00:00+00:00,29,0,"0,10504981506777983","0,10504981506777983","0,10504981506777983"
2024-10-02 14:00:00+00:00,29,0,"0,10504981506777983","0,10504981506777983","0,10504981506777983"
2024-10-02 15:00:00+00:00,29,0,"0,10504981506777983","0,10504981506777983","0,10504981506777983"
2024-10-02 16:00:00+00:00,29,0,"0,10504981506777983","0,10504981506777983","0,10504981506777983"
2024-10-02 17:00:00+00:00,29,0,"0,10504981506777983","0,10504981506777983","0,10504981506777983"
2024-10-02 18:00:00+00:00,29,0,"0,10504981506777983","0,10504981506777983","0,10504981506777983"
2024-10-02 19:00:00+00:00,29,0,"0,10504981506777983","0,10504981506777983","0,10504981506777983"
2024-10-02 20:00:00+00:00,29,0,"0,10504981506777983","0,10504981506777983","0,10504981506777983"
2024-10-02 21:00:00+00:00,29,0,"0,10504981506777983","0,10504981506777983","0,10504981506777983"
2024-10-02 22:00:00+00:00,29,0,"0,10504981506777983","0,10504981506777983","0,10504981506777983"
2024-10-02 23:00:00+00:00,29,0,"0,10504981506777983","0,10504981506777983","0,10504981506777983"
2024-10-01 00:00:00+00:00,30,0,,,
2024-10-01 01:00:00+00:00,30,0,"0,6535759099573161",,
2024-10-01 02:00:00+00:00,30,0,"0,6535759099573161",,
2024-10-01 03:00:00+00:00,30,0,"0,6535759099573161",,"0,6535759099573161"
2024-10-01 04:00:00+00:00,30,0,"0,6535759099573161",,"0,6535759099573161"
2024-10-01 05:00:00+00:00,30,0,"0,6535759099573161",,"0,6535759099573161"
2024-10-01 06:00:00+00:00,30,0,"0,6535759099573161",,"0,6535759099573161"
2024-10-01 07:00:00+00:00,30,0,"0,6535759099573161",,"0,6535759099573161"
2024-10-01 08:00:00+00:00,30,0,"0,6535759099573161",,"0,6535759099573161"
2024-10-01 09:00:00+00:00,30,0,"0,6535759099573161",,"0,6535759099573161"
2024-10-01 10:00:00+00:00,30,0,"0,6535759099573161",,"0,6535759099573161"
2024-10-01 11:00:00+00:00,30,0,"0,6535759099573161",,"0,6535759099573161"
2024-10-01 12:00:00+00:00,30,0,"0,6535759099573161",,"0,6535759099573161"
2024-10-01 13:00:00+00:00,30,0,"0,6535759099573161",,"0,6535759099573161"
2024-10-01 14:00:00+00:00,30,0,"0,6535759099573161",,"0,6535759099573161"
2024-10-01 15:00:00+00:00,30,0,"0,6535759099573161",,"0,6535759099573161"
2024-10-01 16:00:00+00:00,30,0,"0,6535759099573161",,"0,6535759099573161"
2024-10-01 17:00:00+00:00,30,0,"0,6535759099573161",,"0,6535759099573161"
2024-10-01 18:00:00+00:00,30,0,"0,6535759099573161",,"0,6535759099573161"
2024-10-01 19:00:00+00:00,30,0,"0,6535759099573161",,"0,6535759099573161"
2024-10-01 20:00:00+00:00,30,0,"0,6535759099573161",,"0,6535759099573161"
2024-10-01 21:00:00+00:00,30,0,"0,6535759099573161",,"0,6535759099573161"
2024-10-01 22:00:00+00:00,30,0,"0,6535759099573161",,"0,6535759099573161"
2024-10-01 23:00:00+00:00,30,0,"0,6535759099573161",,"0,6535759099573161"
2024-10-02 00:00:00+00:00,30,0,"0,6535759099573161","0,6535759099573161","0,6535759099573161"
2024-10-02 01:00:00+00:00,30,0,"0,6535759099573161","0,6535759099573161","0,6535759099573161"
2024-10-02 02:00:00+00:00,30,0,"0,6535759099573161","0,6535759099573161","0,6535759099573161"
2024-10-02 03:00:00+00:00,30,0,"0,6535759099573161","0,6535759099573161","0,6535759099573161"
2024-10-02 04:00:00+00:00,30,0,"0,6535759099573161","0,6535759099573161","0,6535759099573161"
2024-10-02 05:00:00+00:00,30,0,"0,6535759099573161","0,6535759099573161","0,6535759099573161"
2024-10-02 06:00:00+00:00,30,0,"0,6535759099573161","0,6535759099573161","0,6535759099573161"
2024-10-02 07:00:00+00:00,30,0,"0,6535759099573161","0,6535759099573161","0,6535759099573161"
2024-10-02 08:00:00+00:00,30,0,"0,6535759099573161","0,6535759099573161","0,6535759099573161"
2024-10-02 09:00:00+00:00,30,0,"0,6535759099573161","0,6535759099573161","0,6535759099573161"
2024-10-02 10:00:00+00:00,30,0,"0,6535759099573161","0,6535759099573161","0,6535759099573161"
2024-10-02 11:00:00+00:00,30,0,"0,6535759099573161","0,6535759099573161","0,6535759099573161"
2024-10-02 12:00:00+00:00,30,0,"0,6535759099573161","0,6535759099573161","0,6535759099573161"
2024-10-02 13:00:00+00:00,30,0,"0,6535759099573161","0,6535759099573161","0,6535759099573161"
2024-10-02 14:00:00+00:00,30,0,"0,6535759099573161","0,6535759099573161","0,6535759099573161"
2024-10-02 15:00:00+00:00,30,0,"0,6535759099573161","0,6535759099573161","0,6535759099573161"
2024-10-02 16:00:00+00:00,30,0,"0,6535759099573161","0,6535759099573161","0,6535759099573161"
2024-10-02 17:00:00+00:00,30,0,"0,6535759099573161","0,6535759099573161","0,6535759099573161"
2024-10-02 18:00:00+00:00,30,0,"0,6535759099573161","0,6535759099573161","0,6535759099573161"
2024-10-02 19:00:00+00:00,30,0,"0,6535759099573161","0,6535759099573161","0,6535759099573161"
2024-10-02 20:00:00+00:00,30,0,"0,6535759099573161","0,6535759099573161","0,6535759099573161"
2024-10-02 21:00:00+00:00,30,0,"0,6535759099573161","0,6535759099573161","0,6535759099573161"
2024-10-02 22:00:00+00:00,30,0,"0,6535759099573161","0,6535759099573161","0,6535759099573161"
2024-10-02 23:00:00+00:00,30,0,"0,6535759099573161","0,6535759099573161","0,6535759099573161"
2024-10-01 00:00:00+00:00,36,0,,,
2024-10-01 01:00:00+00:00,36,0,"0,34149921134331535",,
2024-10-01 02:00:00+00:00,36,0,"0,34149921134331535",,
2024-10-01 03:00:00+00:00,36,0,"0,34149921134331535",,"0,34149921134331535"
2024-10-01 04:00:00+00:00,36,0,"0,34149921134331535",,"0,34149921134331535"
2024-10-01 05:00:00+00:00,36,0,"0,34149921134331535",,"0,34149921134331535"
2024-10-01 06:00:00+00:00,36,0,"0,34149921134331535",,"0,34149921134331535"
2024-10-01 07:00:00+00:00,36,0,"0,34149921134331535",,"0,34149921134331535"
2024-10-01 08:00:00+00:00,36,0,"0,34149921134331535",,"0,34149921134331535"
2024-10-01 09:00:00+00:00,36,0,"0,34149921134331535",,"0,34149921134331535"
2024-10-01 10:00:00+00:00,36,0,"0,34149921134331535",,"0,34149921134331535"
2024-10-01 11:00:00+00:00,36,0,"0,34149921134331535",,"0,34149921134331535"
2024-10-01 12:00:00+00:00,36,0,"0,34149921134331535",,"0,34149921134331535"
2024-10-01 13:00:00+00:00,36,0,"0,34149921134331535",,"0,34149921134331535"
2024-10-01 14:00:00+00:00,36,0,"0,34149921134331535",,"0,34149921134331535"
2024-10-01 15:00:00+00:00,36,0,"0,34149921134331535",,"0,34149921134331535"
2024-10-01 16:00:00+00:00,36,0,"0,34149921134331535",,"0,34149921134331535"
2024-10-01 17:00:00+00:00,36,0,"0,34149921134331535",,"0,34149921134331535"
2024-10-01 18:00:00+00:00,36,0,"0,34149921134331535",,"0,34149921134331535"
2024-10-01 19:00:00+00:00,36,0,"0,34149921134331535",,"0,34149921134331535"
2024-10-01 20:00:00+00:00,36,0,"0,34149921134331535",,"0,34149921134331535"
2024-10-01 21:00:00+00:00,36,0,"0,34149921134331535",,"0,34149921134331535"
2024-10-01 22:00:00+00:00,36,0,"0,34149921134331535",,"0,34149921134331535"
2024-10-01 23:00:00+00:00,36,0,"0,34149921134331535",,"0,34149921134331535"
2024-10-02 00:00:00+00:00,36,0,"0,34149921134331535","0,34149921134331535","0,34149921134331535"
2024-10-02 01:00:00+00:00,36,0,"0,34149921134331535","0,34149921134331535","0,34149921134331535"
2024-10-02 02:00:00+00:00,36,0,"0,34149921134331535","0,34149921134331535","0,34149921134331535"
2024-10-02 03:00:00+00:00,36,0,"0,34149921134331535","0,34149921134331535","0,34149921134331535"
2024-10-02 04:00:00+00:00,36,0,"0,34149921134331535","0,34149921134331535","0,34149921134331535"
2024-10-02 05:00:00+00:00,36,0,"0,34149921134331535","0,34149921134331535","0,34149921134331535"
2024-10-02 06:00:00+00:00,36,0,"0,34149921134331535","0,34149921134331535","0,34149921134331535"
2024-10-02 07:00:00+00:00,36,0,"0,34149921134331535","0,34149921134331535","0,34149921134331535"
2024-10-02 08:00:00+00:00,36,0,"0,34149921134331535","0,34149921134331535","0,34149921134331535"
2024-10-02 09:00:00+00:00,36,0,"0,34149921134331535","0,34149921134331535","0,34149921134331535"
2024-10-02 10:00:00+00:00,36,0,"0,34149921134331535","0,34149921134331535","0,34149921134331535"
2024-10-02 11:00:00+00:00,36,0,"0,34149921134331535","0,34149921134331535","0,34149921134331535"
2024-10-02 12:00:00+00:00,36,0,"0,34149921134331535","0,34149921134331535","0,34149921134331535"
2024-10-02 13:00:00+00:00,36,0,"0,34149921134331535","0,34149921134331535","0,34149921134331535"
2024-10-02 14:00:00+00:00,36,0,"0,34149921134331535","0,34149921134331535","0,34149921134331535"
2024-10-02 15:00:00+00:00,36,0,"0,34149921134331535","0,34149921134331535","0,34149921134331535"
2024-10-02 16:00:00+00:00,36,0,"0,34149921134331535","0,34149921134331535","0,34149921134331535"
2024-10-02 17:00:00+00:00,36,0,"0,34149921134331535","0,34149921134331535","0,34149921134331535"
2024-10-02 18:00:00+00:00,36,0,"0,34149921134331535","0,34149921134331535","0,34149921134331535"
2024-10-02 19:00:00+00:00,36,0,"0,34149921134331535","0,34149921134331535","0,34149921134331535"
2024-10-02 20:00:00+00:00,36,0,"0,34149921134331535","0,34149921134331535","0,34149921134331535"
2024-10-02 21:00:00+00:00,36,0,"0,34149921134331535","0,34149921134331535","0,34149921134331535"
2024-10-02 22:00:00+00:00,36,0,"0,34149921134331535","0,34149921134331535","0,34149921134331535"
2024-10-02 23:00:00+00:00,36,0,"0,34149921134331535","0,34149921134331535","0,34149921134331535"
2024-10-01 00:00:00+00:00,37,0,,,
2024-10-01 01:00:00+00:00,37,0,"0,10875945104679735",,
2024-10-01 02:00:00+00:00,37,0,"0,10875945104679735",,
2024-10-01 03:00:00+00:00,37,0,"0,10875945104679735",,"0,10875945104679735"
2024-10-01 04:00:00+00:00,37,0,"0,10875945104679735",,"0,10875945104679735"
2024-10-01 05:00:00+00:00,37,0,"0,10875945104679735",,"0,10875945104679735"
2024-10-01 06:00:00+00:00,37,0,"0,10875945104679735",,"0,10875945104679735"
2024-10-01 07:00:00+00:00,37,0,"0,10875945104679735",,"0,10875945104679735"
2024-10-01 08:00:00+00:00,37,0,"0,10875945104679735",,"0,10875945104679735"
2024-10-01 09:00:00+00:00,37,0,"0,10875945104679735",,"0,10875945104679735"
2024-10-01 10:00:00+00:00,37,0,"0,10875945104679735",,"0,10875945104679735"
2024-10-01 11:00:00+00:00,37,0,"0,10875945104679735",,"0,10875945104679735"
2024-10-01 12:00:00+00:00,37,0,"0,10875945104679735",,"0,10875945104679735"
2024-10-01 13:00:00+00:00,37,0,"0,10875945104679735",,"0,10875945104679735"
2024-10-01 14:00:00+00:00,37,0,"0,10875945104679735",,"0,10875945104679735"
2024-10-01 15:00:00+00:00,37,0,"0,10875945104679735",,"0,10875945104679735"
2024-10-01 16:00:00+00:00,37,0,"0,10875945104679735",,"0,10875945104679735"
2024-10-01 17:00:00+00:00,37,0,"0,10875945104679735",,"0,10875945104679735"
2024-10-01 18:00:00+00:00,37,0,"0,10875945104679735",,"0,10875945104679735"
2024-10-01 19:00:00+00:00,37,0,"0,10875945104679735",,"0,10875945104679735"
2024-10-01 20:00:00+00:00,37,0,"0,10875945104679735",,"0,10875945104679735"
2024-10-01 21:00:00+00:00,37,0,"0,10875945104679735",,"0,10875945104679735"
2024-10-01 22:00:00+00:00,37,0,"0,10875945104679735",,"0,10875945104679735"
2024-10-01 23:00:00+00:00,37,0,"0,10875945104679735",,"0,10875945104679735"
2024-10-02 00:00:00+00:00,37,0,"0,10875945104679735","0,10875945104679735","0,10875945104679735"
2024-10-02 01:00:00+00:00,37,0,"0,10875945104679735","0,10875945104679735","0,10875945104679735"
2024-10-02 02:00:00+00:00,37,0,"0,10875945104679735","0,10875945104679735","0,10875945104679735"
2024-10-02 03:00:00+00:00,37,0,"0,10875945104679735","0,10875945104679735","0,10875945104679735"
2024-10-02 04:00:00+00:00,37,0,"0,10875945104679735","0,10875945104679735","0,10875945104679735"
2024-10-02 05:00:00+00:00,37,0,"0,10875945104679735","0,10875945104679735","0,10875945104679735"
2024-10-02 06:00:00+00:00,37,0,"0,10875945104679735","0,10875945104679735","0,10875945104679735"
2024-10-02 07:00:00+00:00,37,0,"0,10875945104679735","0,10875945104679735","0,10875945104679735"
2024-10-02 08:00:00+00:00,37,0,"0,10875945104679735","0,10875945104679735","0,10875945104679735"
2024-10-02 09:00:00+00:00,37,0,"0,10875945104679735","0,10875945104679735","0,10875945104679735"
2024-10-02 10:00:00+00:00,37,0,"0,10875945104679735","0,10875945104679735","0,10875945104679735"
2024-10-02 11:00:00+00:00,37,0,"0,10875945104679735","0,10875945104679735","0,10875945104679735"
2024-10-02 12:00:00+00:00,37,0,"0,10875945104679735","0,10875945104679735","0,10875945104679735"
2024-10-02 13:00:00+00:00,37,0,"0,10875945104679735","0,10875945104679735","0,10875945104679735"
2024-10-02 14:00:00+00:00,37,0,"0,10875945104679735","0,10875945104679735","0,10875945104679735"
2024-10-02 15:00:00+00:00,37,0,"0,10875945104679735","0,10875945104679735","0,10875945104679735"
2024-10-02 16:00:00+00:00,37,0,"0,10875945104679735","0,10875945104679735","0,10875945104679735"
2024-10-02 17:00:00+00:00,37,0,"0,10875945104679735","0,10875945104679735","0,10875945104679735"
2024-10-02 18:00:00+00:00,37,0,"0,10875945104679735","0,10875945104679735","0,10875945104679735"
2024-10-02 19:00:00+00:00,37,0,"0,10875945104679735","0,10875945104679735","0,10875945104679735"
2024-10-02 20:00:00+00:00,37,0,"0,10875945104679735","0,10875945104679735","0,10875945104679735"
2024-10-02 21:00:00+00:00,37,0,"0,10875945104679735","0,10875945104679735","0,10875945104679735"
2024-10-02 22:00:00+00:00,37,0,"0,10875945104679735","0,10875945104679735","0,10875945104679735"
2024-10-02 23:00:00+00:00,37,0,"0,10875945104679735","0,10875945104679735","0,10875945104679735"
2024-10-01 00:00:00+00:00,38,0,,,
2024-10-01 01:00:00+00:00,38,0,"0,462093503664128",,
2024-10-01 02:00:00+00:00,38,0,"0,462093503664128",,
2024-10-01 03:00:00+00:00,38,0,"0,462093503664128",,"0,462093503664128"
2024-10-01 04:00:00+00:00,38,0,"0,462093503664128",,"0,462093503664128"
2024-10-01 05:00:00+00:00,38,0,"0,462093503664128",,"0,462093503664128"
2024-10-01 06:00:00+00:00,38,0,"0,462093503664128",,"0,462093503664128"
2024-10-01 07:00:00+00:00,38,0,"0,462093503664128",,"0,462093503664128"
2024-10-01 08:00:00+00:00,38,0,"0,462093503664128",,"0,462093503664128"
2024-10-01 09:00:00+00:00,38,0,"0,462093503664128",,"0,462093503664128"
2024-10-01 10:00:00+00:00,38,0,"0,462093503664128",,"0,462093503664128"
2024-10-01 11:00:00+00:00,38,0,"0,462093503664128",,"0,462093503664128"
2024-10-01 12:00:00+00:00,38,0,"0,462093503664128",,"0,462093503664128"
2024-10-01 13:00:00+00:00,38,0,"0,462093503664128",,"0,462093503664128"
2024-10-01 14:00:00+00:00,38,0,"0,462093503664128",,"0,462093503664128"
2024-10-01 15:00:00+00:00,38,0,"0,462093503664128",,"0,462093503664128"
2024-10-01 16:00:00+00:00,38,0,"0,462093503664128",,"0,462093503664128"
2024-10-01 17:00:00+00:00,38,0,"0,462093503664128",,"0,462093503664128"
2024-10-01 18:00:00+00:00,38,0,"0,462093503664128",,"0,462093503664128"
2024-10-01 19:00:00+00:00,38,0,"0,462093503664128",,"0,462093503664128"
2024-10-01 20:00:00+00:00,38,0,"0,462093503664128",,"0,462093503664128"
2024-10-01 21:00:00+00:00,38,0,"0,462093503664128",,"0,462093503664128"
2024-10-01 22:00:00+00:00,38,0,"0,462093503664128",,"0,462093503664128"
2024-10-01 23:00:00+00:00,38,0,"0,462093503664128",,"0,462093503664128"
2024-10-02 00:00:00+00:00,38,0,"0,462093503664128","0,462093503664128","0,462093503664128"
2024-10-02 01:00:00+00:00,38,0,"0,462093503664128","0,462093503664128","0,462093503664128"
2024-10-02 02:00:00+00:00,38,0,"0,462093503664128","0,462093503664128","0,462093503664128"
2024-10-02 03:00:00+00:00,38,0,"0,462093503664128","0,462093503664128","0,462093503664128"
2024-10-02 04:00:00+00:00,38,0,"0,462093503664128","0,462093503664128","0,462093503664128"
2024-10-02 05:00:00+00:00,38,0,"0,462093503664128","0,462093503664128","0,462093503664128"
2024-10-02 06:00:00+00:00,38,0,"0,462093503664128","0,462093503664128","0,462093503664128"
2024-10-02 07:00:00+00:00,38,0,"0,462093503664128","0,462093503664128","0,462093503664128"
2024-10-02 08:00:00+00:00,38,0,"0,462093503664128","0,462093503664128","0,462093503664128"
2024-10-02 09:00:00+00:00,38,0,"0,462093503664128","0,462093503664128","0,462093503664128"
2024-10-02 10:00:00+00:00,38,0,"0,462093503664128","0,462093503664128","0,462093503664128"
2024-10-02 11:00:00+00:00,38,0,"0,462093503664128","0,462093503664128","0,462093503664128"
2024-10-02 12:00:00+00:00,38,0,"0,462093503664128","0,462093503664128","0,462093503664128"
2024-10-02 13:00:00+00:00,38,0,"0,462093503664128","0,462093503664128","0,462093503664128"
2024-10-02 14:00:00+00:00,38,0,"0,462093503664128","0,462093503664128","0,462093503664128"
2024-10-02 15:00:00+00:00,38,0,"0,462093503664128","0,462093503664128","0,462093503664128"
2024-10-02 16:00:00+00:00,38,0,"0,462093503664128","0,462093503664128","0,462093503664128"
2024-10-02 17:00:00+00:00,38,0,"0,462093503664128","0,462093503664128","0,462093503664128"
2024-10-02 18:00:00+00:00,38,0,"0,462093503664128","0,462093503664128","0,462093503664128"
2024-10-02 19:00:00+00:00,38,0,"0,462093503664128","0,462093503664128","0,462093503664128"
2024-10-02 20:00:00+00:00,38,0,"0,462093503664128","0,462093503664128","0,462093503664128"
2024-10-02 21:00:00+00:00,38,0,"0,462093503664128","0,462093503664128","0,462093503664128"
2024-10-02 22:00:00+00:00,38,0,"0,462093503664128","0,462093503664128","0,462093503664128"
2024-10-02 23:00:00+00:00,38,0,"0,462093503664128","0,462093503664128","0,462093503664128"
2024-10-01 00:00:00+00:00,39,0,,,
2024-10-01 01:00:00+00:00,39,0,"0,11269578098384522",,
2024-10-01 02:00:00+00:00,39,0,"0,11269578098384522",,
2024-10-01 03:00:00+00:00,39,0,"0,11269578098384522",,"0,11269578098384522"
2024-10-01 04:00:00+00:00,39,0,"0,11269578098384522",,"0,11269578098384522"
2024-10-01 05:00:00+00:00,39,0,"0,11269578098384522",,"0,11269578098384522"
2024-10-01 06:00:00+00:00,39,0,"0,11269578098384522",,"0,11269578098384522"
2024-10-01 07:00:00+00:00,39,0,"0,11269578098384522",,"0,11269578098384522"
2024-10-01 08:00:00+00:00,39,0,"0,11269578098384522",,"0,11269578098384522"
2024-10-01 09:00:00+00:00,39,0,"0,11269578098384522",,"0,11269578098384522"
2024-10-01 10:00:00+00:00,39,0,"0,11269578098384522",,"0,11269578098384522"
2024-10-01 11:00:00+00:00,39,0,"0,11269578098384522",,"0,11269578098384522"
2024-10-01 12:00:00+00:00,39,0,"0,11269578098384522",,"0,11269578098384522"
2024-10-01 13:00:00+00:00,39,0,"0,11269578098384522",,"0,11269578098384522"
2024-10-01 14:00:00+00:00,39,0,"0,11269578098384522",,"0,11269578098384522"
2024-10-01 15:00:00+00:00,39,0,"0,11269578098384522",,"0,11269578098384522"
2024-10-01 16:00:00+00:00,39,0,"0,11269578098384522",,"0,11269578098384522"
2024-10-01 17:00:00+00:00,39,0,"0,11269578098384522",,"0,11269578098384522"
2024-10-01 18:00:00+00:00,39,0,"0,11269578098384522",,"0,11269578098384522"
2024-10-01 19:00:00+00:00,39,0,"0,11269578098384522",,"0,11269578098384522"
2024-10-01 20:00:00+00:00,39,0,"0,11269578098384522",,"0,11269578098384522"
2024-10-01 21:00:00+00:00,39,0,"0,11269578098384522",,"0,11269578098384522"
2024-10-01 22:00:00+00:00,39,0,"0,11269578098384522",,"0,11269578098384522"
2024-10-01 23:00:00+00:00,39,0,"0,11269578098384522",,"0,11269578098384522"
2024-10-02 00:00:00+00:00,39,0,"0,11269578098384522","0,11269578098384522","0,11269578098384522"
2024-10-02 01:00:00+00:00,39,0,"0,11269578098384522","0,11269578098384522","0,11269578098384522"
2024-10-02 02:00:00+00:00,39,0,"0,11269578098384522","0,11269578098384522","0,11269578098384522"
2024-10-02 03:00:00+00:00,39,0,"0,11269578098384522","0,11269578098384522","0,11269578098384522"
2024-10-02 04:00:00+00:00,39,0,"0,11269578098384522","0,11269578098384522","0,11269578098384522"
2024-10-02 05:00:00+00:00,39,0,"0,11269578098384522","0,11269578098384522","0,11269578098384522"
2024-10-02 06:00:00+00:00,39,0,"0,11269578098384522","0,11269578098384522","0,11269578098384522"
2024-10-02 07:00:00+00:00,39,0,"0,11269578098384522","0,11269578098384522","0,11269578098384522"
2024-10-02 08:00:00+00:00,39,0,"0,11269578098384522","0,11269578098384522","0,11269578098384522"
2024-10-02 09:00:00+00:00,39,0,"0,11269578098384522","0,11269578098384522","0,11269578098384522"
2024-10-02 10:00:00+00:00,39,0,"0,11269578098384522","0,11269578098384522","0,11269578098384522"
2024-10-02 11:00:00+00:00,39,0,"0,11269578098384522","0,11269578098384522","0,11269578098384522"
2024-10-02 12:00:00+00:00,39,0,"0,11269578098384522","0,11269578098384522","0,11269578098384522"
2024-10-02 13:00:00+00:00,39,0,"0,11269578098384522","0,11269578098384522","0,11269578098384522"
2024-10-02 14:00:00+00:00,39,0,"0,11269578098384522","0,11269578098384522","0,11269578098384522"
2024-10-02 15:00:00+00:00,39,0,"0,11269578098384522","0,11269578098384522","0,11269578098384522"
2024-10-02 16:00:00+00:00,39,0,"0,11269578098384522","0,11269578098384522","0,11269578098384522"
2024-10-02 17:00:00+00:00,39,0,"0,11269578098384522","0,11269578098384522","0,11269578098384522"
2024-10-02 18:00:00+00:00,39,0,"0,11269578098384522","0,11269578098384522","0,11269578098384522"
2024-10-02 19:00:00+00:00,39,0,"0,11269578098384522","0,11269578098384522","0,11269578098384522"
2024-10-02 20:00:00+00:00,39,0,"0,11269578098384522","0,11269578098384522","0,11269578098384522"
2024-10-02 21:00:00+00:00,39,0,"0,11269578098384522","0,11269578098384522","0,11269578098384522"
2024-10-02 22:00:00+00:00,39,0,"0,11269578098384522","0,11269578098384522","0,11269578098384522"
2024-10-02 23:00:00+00:00,39,0,"0,11269578098384522","0,11269578098384522","0,11269578098384522"
2024-10-01 00:00:00+00:00,40,0,,,
2024-10-01 01:00:00+00:00,40,0,"0,11588603187934451",,
2024-10-01 02:00:00+00:00,40,0,"0,11588603187934451",,
2024-10-01 03:00:00+00:00,40,0,"0,11588603187934451",,"0,11588603187934451"
2024-10-01 04:00:00+00:00,40,0,"0,11588603187934451",,"0,11588603187934451"
2024-10-01 05:00:00+00:00,40,0,"0,11588603187934451",,"0,11588603187934451"
2024-10-01 06:00:00+00:00,40,0,"0,11588603187934451",,"0,11588603187934451"
2024-10-01 07:00:00+00:00,40,0,"0,11588603187934451",,"0,11588603187934451"
2024-10-01 08:00:00+00:00,40,0,"0,11588603187934451",,"0,11588603187934451"
2024-10-01 09:00:00+00:00,40,0,"0,11588603187934451",,"0,11588603187934451"
2024-10-01 10:00:00+00:00,40,0,"0,11588603187934451",,"0,11588603187934451"
2024-10-01 11:00:00+00:00,40,0,"0,11588603187934451",,"0,11588603187934451"
2024-10-01 12:00:00+00:00,40,0,"0,11588603187934451",,"0,11588603187934451"
2024-10-01 13:00:00+00:00,40,0,"0,11588603187934451",,"0,11588603187934451"
2024-10-01 14:00:00+00:00,40,0,"0,11588603187934451",,"0,11588603187934451"
2024-10-01 15:00:00+00:00,40,0,"0,11588603187934451",,"0,11588603187934451"
2024-10-01 16:00:00+00:00,40,0,"0,11588603187934451",,"0,11588603187934451"
2024-10-01 17:00:00+00:00,40,0,"0,11588603187934451",,"0,11588603187934451"
2024-10-01 18:00:00+00:00,40,0,"0,11588603187934451",,"0,11588603187934451"
2024-10-01 19:00:00+00:00,40,0,"0,11588603187934451",,"0,11588603187934451"
2024-10-01 20:00:00+00:00,40,0,"0,11588603187934451",,"0,11588603187934451"
2024-10-01 21:00:00+00:00,40,0,"0,11588603187934451",,"0,11588603187934451"
2024-10-01 22:00:00+00:00,40,0,"0,11588603187934451",,"0,11588603187934451"
2024-10-01 23:00:00+00:00,40,0,"0,11588603187934451",,"0,11588603187934451"
2024-10-02 00:00:00+00:00,40,0,"0,11588603187934451","0,11588603187934451","0,11588603187934451"
2024-10-02 01:00:00+00:00,40,0,"0,11588603187934451","0,11588603187934451","0,11588603187934451"
2024-10-02 02:00:00+00:00,40,0,"0,11588603187934451","0,11588603187934451","0,11588603187934451"
2024-10-02 03:00:00+00:00,40,0,"0,11588603187934451","0,11588603187934451","0,11588603187934451"
2024-10-02 04:00:00+00:00,40,0,"0,11588603187934451","0,11588603187934451","0,11588603187934451"
2024-10-02 05:00:00+00:00,40,0,"0,11588603187934451","0,11588603187934451","0,11588603187934451"
2024-10-02 06:00:00+00:00,40,0,"0,11588603187934451","0,11588603187934451","0,11588603187934451"
2024-10-02 07:00:00+00:00,40,0,"0,11588603187934451","0,11588603187934451","0,11588603187934451"
2024-10-02 08:00:00+00:00,40,0,"0,11588603187934451","0,11588603187934451","0,11588603187934451"
2024-10-02 09:00:00+00:00,40,0,"0,11588603187934451","0,11588603187934451","0,11588603187934451"
2024-10-02 10:00:00+00:00,40,0,"0,11588603187934451","0,11588603187934451","0,11588603187934451"
2024-10-02 11:00:00+00:00,40,0,"0,11588603187934451","0,11588603187934451","0,11588603187934451"
2024-10-02 12:00:00+00:00,40,0,"0,11588603187934451","0,11588603187934451","0,11588603187934451"
2024-10-02 13:00:00+00:00,40,0,"0,11588603187934451","0,11588603187934451","0,11588603187934451"
2024-10-02 14:00:00+00:00,40,0,"0,11588603187934451","0,11588603187934451","0,11588603187934451"
2024-10-02 15:00:00+00:00,40,0,"0,11588603187934451","0,11588603187934451","0,11588603187934451"
2024-10-02 16:00:00+00:00,40,0,"0,11588603187934451","0,11588603187934451","0,11588603187934451"
2024-10-02 17:00:00+00:00,40,0,"0,11588603187934451","0,11588603187934451","0,11588603187934451"
2024-10-02 18:00:00+00:00,40,0,"0,11588603187934451","0,11588603187934451","0,11588603187934451"
2024-10-02 19:00:00+00:00,40,0,"0,11588603187934451","0,11588603187934451","0,11588603187934451"
2024-10-02 20:00:00+00:00,40,0,"0,11588603187934451","0,11588603187934451","0,11588603187934451"
2024-10-02 21:00:00+00:00,40,0,"0,11588603187934451","0,11588603187934451","0,11588603187934451"
2024-10-02 22:00:00+00:00,40,0,"0,11588603187934451","0,11588603187934451","0,11588603187934451"
2024-10-02 23:00:00+00:00,40,0,"0,11588603187934451","0,11588603187934451","0,11588603187934451"
2024-10-01 00:00:00+00:00,41,0,,,
2024-10-01 01:00:00+00:00,41,0,"0,5651169751738144",,
2024-10-01 02:00:00+00:00,41,0,"0,5651169751738144",,
2024-10-01 03:00:00+00:00,41,0,"0,5651169751738144",,"0,5651169751738144"
2024-10-01 04:00:00+00:00,41,0,"0,5651169751738144",,"0,5651169751738144"
2024-10-01 05:00:00+00:00,41,0,"0,5651169751738144",,"0,5651169751738144"
2024-10-01 06:00:00+00:00,41,0,"0,5651169751738144",,"0,5651169751738144"
2024-10-01 07:00:00+00:00,41,0,"0,5651169751738144",,"0,5651169751738144"
2024-10-01 08:00:00+00:00,41,0,"0,5651169751738144",,"0,5651169751738144"
2024-10-01 09:00:00+00:00,41,0,"0,5651169751738144",,"0,5651169751738144"
2024-10-01 10:00:00+00:00,41,0,"0,5651169751738144",,"0,5651169751738144"
2024-10-01 11:00:00+00:00,41,0,"0,5651169751738144",,"0,5651169751738144"
2024-10-01 12:00:00+00:00,41,0,"0,5651169751738144",,"0,5651169751738144"
2024-10-01 13:00:00+00:00,41,0,"0,5651169751738144",,"0,5651169751738144"
2024-10-01 14:00:00+00:00,41,0,"0,5651169751738144",,"0,5651169751738144"
2024-10-01 15:00:00+00:00,41,0,"0,5651169751738144",,"0,5651169751738144"
2024-10-01 16:00:00+00:00,41,0,"0,5651169751738144",,"0,5651169751738144"
2024-10-01 17:00:00+00:00,41,0,"0,5651169751738144",,"0,5651169751738144"
2024-10-01 18:00:00+00:00,41,0,"0,5651169751738144",,"0,5651169751738144"
2024-10-01 19:00:00+00:00,41,0,"0,5651169751738144",,"0,5651169751738144"
2024-10-01 20:00:00+00:00,41,0,"0,5651169751738144",,"0,5651169751738144"
2024-10-01 21:00:00+00:00,41,0,"0,5651169751738144",,"0,5651169751738144"
2024-10-01 22:00:00+00:00,41,0,"0,5651169751738144",,"0,5651169751738144"
2024-10-01 23:00:00+00:00,41,0,"0,5651169751738144",,"0,5651169751738144"
2024-10-02 00:00:00+00:00,41,0,"0,5651169751738144","0,5651169751738144","0,5651169751738144"
2024-10-02 01:00:00+00:00,41,0,"0,5651169751738144","0,5651169751738144","0,5651169751738144"
2024-10-02 02:00:00+00:00,41,0,"0,5651169751738144","0,5651169751738144","0,5651169751738144"
2024-10-02 03:00:00+00:00,41,0,"0,5651169751738144","0,5651169751738144","0,5651169751738144"
2024-10-02 04:00:00+00:00,41,0,"0,5651169751738144","0,5651169751738144","0,5651169751738144"
2024-10-02 05:00:00+00:00,41,0,"0,5651169751738144","0,5651169751738144","0,5651169751738144"
2024-10-02 06:00:00+00:00,41,0,"0,5651169751738144","0,5651169751738144","0,5651169751738144"
2024-10-02 07:00:00+00:00,41,0,"0,5651169751738144","0,5651169751738144","0,5651169751738144"
2024-10-02 08:00:00+00:00,41,0,"0,5651169751738144","0,5651169751738144","0,5651169751738144"
2024-10-02 09:00:00+00:00,41,0,"0,5651169751738144","0,5651169751738144","0,5651169751738144"
2024-10-02 10:00:00+00:00,41,0,"0,5651169751738144","0,5651169751738144","0,5651169751738144"
2024-10-02 11:00:00+00:00,41,0,"0,5651169751738144","0,5651169751738144","0,5651169751738144"
2024-10-02 12:00:00+00:00,41,0,"0,5651169751738144","0,5651169751738144","0,5651169751738144"
2024-10-02 13:00:00+00:00,41,0,"0,5651169751738144","0,5651169751738144","0,5651169751738144"
2024-10-02 14:00:00+00:00,41,0,"0,5651169751738144","0,5651169751738144","0,5651169751738144"
2024-10-02 15:00:00+00:00,41,0,"0,5651169751738144","0,5651169751738144","0,5651169751738144"
2024-10-02 16:00:00+00:00,41,0,"0,5651169751738144","0,5651169751738144","0,5651169751738144"
2024-10-02 17:00:00+00:00,41,0,"0,5651169751738144","0,5651169751738144","0,5651169751738144"
2024-10-02 18:00:00+00:00,41,0,"0,5651169751738144","0,5651169751738144","0,5651169751738144"
2024-10-02 19:00:00+00:00,41,0,"0,5651169751738144","0,5651169751738144","0,5651169751738144"
2024-10-02 20:00:00+00:00,41,0,"0,5651169751738144","0,5651169751738144","0,5651169751738144"
2024-10-02 21:00:00+00:00,41,0,"0,5651169751738144","0,5651169751738144","0,5651169751738144"
2024-10-02 22:00:00+00:00,41,0,"0,5651169751738144","0,5651169751738144","0,5651169751738144"
2024-10-02 23:00:00+00:00,41,0,"0,5651169751738144","0,5651169751738144","0,5651169751738144"
2024-10-01 00:00:00+00:00,42,0,,,
2024-10-01 01:00:00+00:00,42,0,"0,10053134660726148",,
2024-10-01 02:00:00+00:00,42,0,"0,10053134660726148",,
2024-10-01 03:00:00+00:00,42,0,"0,10053134660726148",,"0,10053134660726148"
2024-10-01 04:00:00+00:00,42,0,"0,10053134660726148",,"0,10053134660726148"
2024-10-01 05:00:00+00:00,42,0,"0,10053134660726148",,"0,10053134660726148"
2024-10-01 06:00:00+00:00,42,0,"0,10053134660726148",,"0,10053134660726148"
2024-10-01 07:00:00+00:00,42,0,"0,10053134660726148",,"0,10053134660726148"
2024-10-01 08:00:00+00:00,42,0,"0,10053134660726148",,"0,10053134660726148"
2024-10-01 09:00:00+00:00,42,0,"0,10053134660726148",,"0,10053134660726148"
2024-10-01 10:00:00+00:00,42,0,"0,10053134660726148",,"0,10053134660726148"
2024-10-01 11:00:00+00:00,42,0,"0,10053134660726148",,"0,10053134660726148"
2024-10-01 12:00:00+00:00,42,0,"0,10053134660726148",,"0,10053134660726148"
2024-10-01 13:00:00+00:00,42,0,"0,10053134660726148",,"0,10053134660726148"
2024-10-01 14:00:00+00:00,42,0,"0,10053134660726148",,"0,10053134660726148"
2024-10-01 15:00:00+00:00,42,0,"0,10053134660726148",,"0,10053134660726148"
2024-10-01 16:00:00+00:00,42,0,"0,10053134660726148",,"0,10053134660726148"
2024-10-01 17:00:00+00:00,42,0,"0,10053134660726148",,"0,10053134660726148"
2024-10-01 18:00:00+00:00,42,0,"0,10053134660726148",,"0,10053134660726148"
2024-10-01 19:00:00+00:00,42,0,"0,10053134660726148",,"0,10053134660726148"
2024-10-01 20:00:00+00:00,42,0,"0,10053134660726148",,"0,10053134660726148"
2024-10-01 21:00:00+00:00,42,0,"0,10053134660726148",,"0,10053134660726148"
2024-10-01 22:00:00+00:00,42,0,"0,10053134660726148",,"0,10053134660726148"
2024-10-01 23:00:00+00:00,42,0,"0,10053134660726148",,"0,10053134660726148"
2024-10-02 00:00:00+00:00,42,0,"0,10053134660726148","0,10053134660726148","0,10053134660726148"
2024-10-02 01:00:00+00:00,42,0,"0,10053134660726148","0,10053134660726148","0,10053134660726148"
2024-10-02 02:00:00+00:00,42,0,"0,10053134660726148","0,10053134660726148","0,10053134660726148"
2024-10-02 03:00:00+00:00,42,0,"0,10053134660726148","0,10053134660726148","0,10053134660726148"
2024-10-02 04:00:00+00:00,42,0,"0,10053134660726148","0,10053134660726148","0,10053134660726148"
2024-10-02 05:00:00+00:00,42,0,"0,10053134660726148","0,10053134660726148","0,10053134660726148"
2024-10-02 06:00:00+00:00,42,0,"0,10053134660726148","0,10053134660726148","0,10053134660726148"
2024-10-02 07:00:00+00:00,42,0,"0,10053134660726148","0,10053134660726148","0,10053134660726148"
2024-10-02 08:00:00+00:00,42,0,"0,10053134660726148","0,10053134660726148","0,10053134660726148"
2024-10-02 09:00:00+00:00,42,0,"0,10053134660726148","0,10053134660726148","0,10053134660726148"
2024-10-02 10:00:00+00:00,42,0,"0,10053134660726148","0,10053134660726148","0,10053134660726148"
2024-10-02 11:00:00+00:00,42,0,"0,10053134660726148","0,10053134660726148","0,10053134660726148"
2024-10-02 12:00:00+00:00,42,0,"0,10053134660726148","0,10053134660726148","0,10053134660726148"
2024-10-02 13:00:00+00:00,42,0,"0,10053134660726148","0,10053134660726148","0,10053134660726148"
2024-10-02 14:00:00+00:00,42,0,"0,10053134660726148","0,10053134660726148","0,10053134660726148"
2024-10-02 15:00:00+00:00,42,0,"0,10053134660726148","0,10053134660726148","0,10053134660726148"
2024-10-02 16:00:00+00:00,42,0,"0,10053134660726148","0,10053134660726148","0,10053134660726148"
2024-10-02 17:00:00+00:00,42,0,"0,10053134660726148","0,10053134660726148","0,10053134660726148"
2024-10-02 18:00:00+00:00,42,0,"0,10053134660726148","0,10053134660726148","0,10053134660726148"
2024-10-02 19:00:00+00:00,42,0,"0,10053134660726148","0,10053134660726148","0,10053134660726148"
2024-10-02 20:00:00+00:00,42,0,"0,10053134660726148","0,10053134660726148","0,10053134660726148"
2024-10-02 21:00:00+00:00,42,0,"0,10053134660726148","0,10053134660726148","0,10053134660726148"
2024-10-02 22:00:00+00:00,42,0,"0,10053134660726148","0,10053134660726148","0,10053134660726148"
2024-10-02 23:00:00+00:00,42,0,"0,10053134660726148","0,10053134660726148","0,10053134660726148"
2024-10-01 00:00:00+00:00,43,0,,,
2024-10-01 01:00:00+00:00,43,0,"0,36148736039099133",,
2024-10-01 02:00:00+00:00,43,0,"0,36148736039099133",,
2024-10-01 03:00:00+00:00,43,0,"0,36148736039099133",,"0,36148736039099133"
2024-10-01 04:00:00+00:00,43,0,"0,36148736039099133",,"0,36148736039099133"
2024-10-01 05:00:00+00:00,43,0,"0,36148736039099133",,"0,36148736039099133"
2024-10-01 06:00:00+00:00,43,0,"0,36148736039099133",,"0,36148736039099133"
2024-10-01 07:00:00+00:00,43,0,"0,36148736039099133",,"0,36148736039099133"
2024-10-01 08:00:00+00:00,43,0,"0,36148736039099133",,"0,36148736039099133"
2024-10-01 09:00:00+00:00,43,0,"0,36148736039099133",,"0,36148736039099133"
2024-10-01 10:00:00+00:00,43,0,"0,36148736039099133",,"0,36148736039099133"
2024-10-01 11:00:00+00:00,43,0,"0,36148736039099133",,"0,36148736039099133"
2024-10-01 12:00:00+00:00,43,0,"0,36148736039099133",,"0,36148736039099133"
2024-10-01 13:00:00+00:00,43,0,"0,36148736039099133",,"0,36148736039099133"
2024-10-01 14:00:00+00:00,43,0,"0,36148736039099133",,"0,36148736039099133"
2024-10-01 15:00:00+00:00,43,0,"0,36148736039099133",,"0,36148736039099133"
2024-10-01 16:00:00+00:00,43,0,"0,36148736039099133",,"0,36148736039099133"
2024-10-01 17:00:00+00:00,43,0,"0,36148736039099133",,"0,36148736039099133"
2024-10-01 18:00:00+00:00,43,0,"0,36148736039099133",,"0,36148736039099133"
2024-10-01 19:00:00+00:00,43,0,"0,36148736039099133",,"0,36148736039099133"
2024-10-01 20:00:00+00:00,43,0,"0,36148736039099133",,"0,36148736039099133"
2024-10-01 21:00:00+00:00,43,0,"0,36148736039099133",,"0,36148736039099133"
2024-10-01 22:00:00+00:00,43,0,"0,36148736039099133",,"0,36148736039099133"
2024-10-01 23:00:00+00:00,43,0,"0,36148736039099133",,"0,36148736039099133"
2024-10-02 00:00:00+00:00,43,0,"0,36148736039099133","0,36148736039099133","0,36148736039099133"
2024-10-02 01:00:00+00:00,43,0,"0,36148736039099133","0,36148736039099133","0,36148736039099133"
2024-10-02 02:00:00+00:00,43,0,"0,36148736039099133","0,36148736039099133","0,36148736039099133"
2024-10-02 03:00:00+00:00,43,0,"0,36148736039099133","0,36148736039099133","0,36148736039099133"
2024-10-02 04:00:00+00:00,43,0,"0,36148736039099133","0,36148736039099133","0,36148736039099133"
2024-10-02 05:00:00+00:00,43,0,"0,36148736039099133","0,36148736039099133","0,36148736039099133"
2024-10-02 06:00:00+00:00,43,0,"0,36148736039099133","0,36148736039099133","0,36148736039099133"
2024-10-02 07:00:00+00:00,43,0,"0,36148736039099133","0,36148736039099133","0,36148736039099133"
2024-10-02 08:00:00+00:00,43,0,"0,36148736039099133","0,36148736039099133","0,36148736039099133"
2024-10-02 09:00:00+00:00,43,0,"0,36148736039099133","0,36148736039099133","0,36148736039099133"
2024-10-02 10:00:00+00:00,43,0,"0,36148736039099133","0,36148736039099133","0,36148736039099133"
2024-10-02 11:00:00+00:00,43,0,"0,36148736039099133","0,36148736039099133","0,36148736039099133"
2024-10-02 12:00:00+00:00,43,0,"0,36148736039099133","0,36148736039099133","0,36148736039099133"
2024-10-02 13:00:00+00:00,43,0,"0,36148736039099133","0,36148736039099133","0,36148736039099133"
2024-10-02 14:00:00+00:00,43,0,"0,36148736039099133","0,36148736039099133","0,36148736039099133"
2024-10-02 15:00:00+00:00,43,0,"0,36148736039099133","0,36148736039099133","0,36148736039099133"
2024-10-02 16:00:00+00:00,43,0,"0,36148736039099133","0,36148736039099133","0,36148736039099133"
2024-10-02 17:00:00+00:00,43,0,"0,36148736039099133","0,36148736039099133","0,36148736039099133"
2024-10-02 18:00:00+00:00,43,0,"0,36148736039099133","0,36148736039099133","0,36148736039099133"
2024-10-02 19:00:00+00:00,43,0,"0,36148736039099133","0,36148736039099133","0,36148736039099133"
2024-10-02 20:00:00+00:00,43,0,"0,36148736039099133","0,36148736039099133","0,36148736039099133"
2024-10-02 21:00:00+00:00,43,0,"0,36148736039099133","0,36148736039099133","0,36148736039099133"
2024-10-02 22:00:00+00:00,43,0,"0,36148736039099133","0,36148736039099133","0,36148736039099133"
2024-10-02 23:00:00+00:00,43,0,"0,36148736039099133","0,36148736039099133","0,36148736039099133"
2024-10-01 00:00:00+00:00,73,0,,,
2024-10-01 01:00:00+00:00,73,0,"0,48193572193942064",,
2024-10-01 02:00:00+00:00,73,0,"0,48193572193942064",,
2024-10-01 03:00:00+00:00,73,0,"0,48193572193942064",,"0,48193572193942064"
2024-10-01 04:00:00+00:00,73,0,"0,48193572193942064",,"0,48193572193942064"
2024-10-01 05:00:00+00:00,73,0,"0,48193572193942064",,"0,48193572193942064"
2024-10-01 06:00:00+00:00,73,0,"0,48193572193942064",,"0,48193572193942064"
2024-10-01 07:00:00+00:00,73,0,"0,48193572193942064",,"0,48193572193942064"
2024-10-01 08:00:00+00:00,73,0,"0,48193572193942064",,"0,48193572193942064"
2024-10-01 09:00:00+00:00,73,0,"0,48193572193942064",,"0,48193572193942064"
2024-10-01 10:00:00+00:00,73,0,"0,48193572193942064",,"0,48193572193942064"
2024-10-01 11:00:00+00:00,73,0,"0,48193572193942064",,"0,48193572193942064"
2024-10-01 12:00:00+00:00,73,0,"0,48193572193942064",,"0,48193572193942064"
2024-10-01 13:00:00+00:00,73,0,"0,48193572193942064",,"0,48193572193942064"
2024-10-01 14:00:00+00:00,73,0,"0,48193572193942064",,"0,48193572193942064"
2024-10-01 15:00:00+00:00,73,0,"0,48193572193942064",,"0,48193572193942064"
2024-10-01 16:00:00+00:00,73,0,"0,48193572193942064",,"0,48193572193942064"
2024-10-01 17:00:00+00:00,73,0,"0,48193572193942064",,"0,48193572193942064"
2024-10-01 18:00:00+00:00,73,0,"0,48193572193942064",,"0,48193572193942064"
2024-10-01 19:00:00+00:00,73,0,"0,48193572193942064",,"0,48193572193942064"
2024-10-01 20:00:00+00:00,73,0,"0,48193572193942064",,"0,48193572193942064"
2024-10-01 21:00:00+00:00,73,0,"0,48193572193942064",,"0,48193572193942064"
2024-10-01 22:00:00+00:00,73,0,"0,48193572193942064",,"0,48193572193942064"
2024-10-01 23:00:00+00:00,73,0,"0,48193572193942064",,"0,48193572193942064"
2024-10-02 00:00:00+00:00,73,0,"0,48193572193942064","0,48193572193942064","0,48193572193942064"
2024-10-02 01:00:00+00:00,73,0,"0,48193572193942064","0,48193572193942064","0,48193572193942064"
2024-10-02 02:00:00+00:00,73,0,"0,48193572193942064","0,48193572193942064","0,48193572193942064"
2024-10-02 03:00:00+00:00,73,0,"0,48193572193942064","0,48193572193942064","0,48193572193942064"
2024-10-02 04:00:00+00:00,73,0,"0,48193572193942064","0,48193572193942064","0,48193572193942064"
2024-10-02 05:00:00+00:00,73,0,"0,48193572193942064","0,48193572193942064","0,48193572193942064"
2024-10-02 06:00:00+00:00,73,0,"0,48193572193942064","0,48193572193942064","0,48193572193942064"
2024-10-02 07:00:00+00:00,73,0,"0,48193572193942064","0,48193572193942064","0,48193572193942064"
2024-10-02 08:00:00+00:00,73,0,"0,48193572193942064","0,48193572193942064","0,48193572193942064"
2024-10-02 09:00:00+00:00,73,0,"0,48193572193942064","0,48193572193942064","0,48193572193942064"
2024-10-02 10:00:00+00:00,73,0,"0,48193572193942064","0,48193572193942064","0,48193572193942064"
2024-10-02 11:00:00+00:00,73,0,"0,48193572193942064","0,48193572193942064","0,48193572193942064"
2024-10-02 12:00:00+00:00,73,0,"0,48193572193942064","0,48193572193942064","0,48193572193942064"
2024-10-02 13:00:00+00:00,73,0,"0,48193572193942064","0,48193572193942064","0,48193572193942064"
2024-10-02 14:00:00+00:00,73,0,"0,48193572193942064","0,48193572193942064","0,48193572193942064"
2024-10-02 15:00:00+00:00,73,0,"0,48193572193942064","0,48193572193942064","0,48193572193942064"
2024-10-02 16:00:00+00:00,73,0,"0,48193572193942064","0,48193572193942064","0,48193572193942064"
2024-10-02 17:00:00+00:00,73,0,"0,48193572193942064","0,48193572193942064","0,48193572193942064"
2024-10-02 18:00:00+00:00,73,0,"0,48193572193942064","0,48193572193942064","0,48193572193942064"
2024-10-02 19:00:00+00:00,73,0,"0,48193572193942064","0,48193572193942064","0,48193572193942064"
2024-10-02 20:00:00+00:00,73,0,"0,48193572193942064","0,48193572193942064","0,48193572193942064"
2024-10-02 21:00:00+00:00,73,0,"0,48193572193942064","0,48193572193942064","0,48193572193942064"
2024-10-02 22:00:00+00:00,73,0,"0,48193572193942064","0,48193572193942064","0,48193572193942064"
2024-10-02 23:00:00+00:00,73,0,"0,48193572193942064","0,48193572193942064","0,48193572193942064"
2024-10-01 00:00:00+00:00,74,0,,,
2024-10-01 01:00:00+00:00,74,0,"50,477,423,274,971,900",,
2024-10-01 02:00:00+00:00,74,0,"50,477,423,274,971,900",,
2024-10-01 03:00:00+00:00,74,0,"50,477,423,274,971,900",,"50,477,423,274,971,900"
2024-10-01 04:00:00+00:00,74,0,"50,477,423,274,971,900",,"50,477,423,274,971,900"
2024-10-01 05:00:00+00:00,74,0,"50,477,423,274,971,900",,"50,477,423,274,971,900"
2024-10-01 06:00:00+00:00,74,0,"50,477,423,274,971,900",,"50,477,423,274,971,900"
2024-10-01 07:00:00+00:00,74,0,"50,477,423,274,971,900",,"50,477,423,274,971,900"
2024-10-01 08:00:00+00:00,74,0,"50,477,423,274,971,900",,"50,477,423,274,971,900"
2024-10-01 09:00:00+00:00,74,0,"50,477,423,274,971,900",,"50,477,423,274,971,900"
2024-10-01 10:00:00+00:00,74,0,"50,477,423,274,971,900",,"50,477,423,274,971,900"
2024-10-01 11:00:00+00:00,74,0,"50,477,423,274,971,900",,"50,477,423,274,971,900"
2024-10-01 12:00:00+00:00,74,0,"50,477,423,274,971,900",,"50,477,423,274,971,900"
2024-10-01 13:00:00+00:00,74,0,"50,477,423,274,971,900",,"50,477,423,274,971,900"
2024-10-01 14:00:00+00:00,74,0,"50,477,423,274,971,900",,"50,477,423,274,971,900"
2024-10-01 15:00:00+00:00,74,0,"50,477,423,274,971,900",,"50,477,423,274,971,900"
2024-10-01 16:00:00+00:00,74,0,"50,477,423,274,971,900",,"50,477,423,274,971,900"
2024-10-01 17:00:00+00:00,74,0,"50,477,423,274,971,900",,"50,477,423,274,971,900"
2024-10-01 18:00:00+00:00,74,0,"50,477,423,274,971,900",,"50,477,423,274,971,900"
2024-10-01 19:00:00+00:00,74,0,"50,477,423,274,971,900",,"50,477,423,274,971,900"
2024-10-01 20:00:00+00:00,74,0,"50,477,423,274,971,900",,"50,477,423,274,971,900"
2024-10-01 21:00:00+00:00,74,0,"50,477,423,274,971,900",,"50,477,423,274,971,900"
2024-10-01 22:00:00+00:00,74,0,"50,477,423,274,971,900",,"50,477,423,274,971,900"
2024-10-01 23:00:00+00:00,74,0,"50,477,423,274,971,900",,"50,477,423,274,971,900"
2024-10-02 00:00:00+00:00,74,0,"50,477,423,274,971,900","50,477,423,274,971,900","50,477,423,274,971,900"
2024-10-02 01:00:00+00:00,74,0,"50,477,423,274,971,900","50,477,423,274,971,900","50,477,423,274,971,900"
2024-10-02 02:00:00+00:00,74,0,"50,477,423,274,971,900","50,477,423,274,971,900","50,477,423,274,971,900"
2024-10-02 03:00:00+00:00,74,0,"50,477,423,274,971,900","50,477,423,274,971,900","50,477,423,274,971,900"
2024-10-02 04:00:00+00:00,74,0,"50,477,423,274,971,900","50,477,423,274,971,900","50,477,423,274,971,900"
2024-10-02 05:00:00+00:00,74,0,"50,477,423,274,971,900","50,477,423,274,971,900","50,477,423,274,971,900"
2024-10-02 06:00:00+00:00,74,0,"50,477,423,274,971,900","50,477,423,274,971,900","50,477,423,274,971,900"
2024-10-02 07:00:00+00:00,74,0,"50,477,423,274,971,900","50,477,423,274,971,900","50,477,423,274,971,900"
2024-10-02 08:00:00+00:00,74,0,"50,477,423,274,971,900","50,477,423,274,971,900","50,477,423,274,971,900"
2024-10-02 09:00:00+00:00,74,0,"50,477,423,274,971,900","50,477,423,274,971,900","50,477,423,274,971,900"
2024-10-02 10:00:00+00:00,74,0,"50,477,423,274,971,900","50,477,423,274,971,900","50,477,423,274,971,900"
2024-10-02 11:00:00+00:00,74,0,"50,477,423,274,971,900","50,477,423,274,971,900","50,477,423,274,971,900"
2024-10-02 12:00:00+00:00,74,0,"50,477,423,274,971,900","50,477,423,274,971,900","50,477,423,274,971,900"
2024-10-02 13:00:00+00:00,74,0,"50,477,423,274,971,900","50,477,423,274,971,900","50,477,423,274,971,900"
2024-10-02 14:00:00+00:00,74,0,"50,477,423,274,971,900","50,477,423,274,971,900","50,477,423,274,971,900"
2024-10-02 15:00:00+00:00,74,0,"50,477,423,274,971,900","50,477,423,274,971,900","50,477,423,274,971,900"
2024-10-02 16:00:00+00:00,74,0,"50,477,423,274,971,900","50,477,423,274,971,900","50,477,423,274,971,900"
2024-10-02 17:00:00+00:00,74,0,"50,477,423,274,971,900","50,477,423,274,971,900","50,477,423,274,971,900"
2024-10-02 18:00:00+00:00,74,0,"50,477,423,274,971,900","50,477,423,274,971,900","50,477,423,274,971,900"
2024-10-02 19:00:00+00:00,74,0,"50,477,423,274,971,900","50,477,423,274,971,900","50,477,423,274,971,900"
2024-10-02 20:00:00+00:00,74,0,"50,477,423,274,971,900","50,477,423,274,971,900","50,477,423,274,971,900"
2024-10-02 21:00:00+00:00,74,0,"50,477,423,274,971,900","50,477,423,274,971,900","50,477,423,274,971,900"
2024-10-02 22:00:00+00:00,74,0,"50,477,423,274,971,900","50,477,423,274,971,900","50,477,423,274,971,900"
2024-10-02 23:00:00+00:00,74,0,"50,477,423,274,971,900","50,477,423,274,971,900","50,477,423,274,971,900"
2024-10-01 00:00:00+00:00,76,0,,,
2024-10-01 01:00:00+00:00,76,0,"0,711521641428513",,
2024-10-01 02:00:00+00:00,76,0,"0,711521641428513",,
2024-10-01 03:00:00+00:00,76,0,"0,711521641428513",,"0,711521641428513"
2024-10-01 04:00:00+00:00,76,0,"0,711521641428513",,"0,711521641428513"
2024-10-01 05:00:00+00:00,76,0,"0,711521641428513",,"0,711521641428513"
2024-10-01 06:00:00+00:00,76,0,"0,711521641428513",,"0,711521641428513"
2024-10-01 07:00:00+00:00,76,0,"0,711521641428513",,"0,711521641428513"
2024-10-01 08:00:00+00:00,76,0,"0,711521641428513",,"0,711521641428513"
2024-10-01 09:00:00+00:00,76,0,"0,711521641428513",,"0,711521641428513"
2024-10-01 10:00:00+00:00,76,0,"0,711521641428513",,"0,711521641428513"
2024-10-01 11:00:00+00:00,76,0,"0,711521641428513",,"0,711521641428513"
2024-10-01 12:00:00+00:00,76,0,"0,711521641428513",,"0,711521641428513"
2024-10-01 13:00:00+00:00,76,0,"0,711521641428513",,"0,711521641428513"
2024-10-01 14:00:00+00:00,76,0,"0,711521641428513",,"0,711521641428513"
2024-10-01 15:00:00+00:00,76,0,"0,711521641428513",,"0,711521641428513"
2024-10-01 16:00:00+00:00,76,0,"0,711521641428513",,"0,711521641428513"
2024-10-01 17:00:00+00:00,76,0,"0,711521641428513",,"0,711521641428513"
2024-10-01 18:00:00+00:00,76,0,"0,711521641428513",,"0,711521641428513"
2024-10-01 19:00:00+00:00,76,0,"0,711521641428513",,"0,711521641428513"
2024-10-01 20:00:00+00:00,76,0,"0,711521641428513",,"0,711521641428513"
2024-10-01 21:00:00+00:00,76,0,"0,711521641428513",,"0,711521641428513"
2024-10-01 22:00:00+00:00,76,0,"0,711521641428513",,"0,711521641428513"
2024-10-01 23:00:00+00:00,76,0,"0,711521641428513",,"0,711521641428513"
2024-10-02 00:00:00+00:00,76,0,"0,711521641428513","0,711521641428513","0,711521641428513"
2024-10-02 01:00:00+00:00,76,0,"0,711521641428513","0,711521641428513","0,711521641428513"
2024-10-02 02:00:00+00:00,76,0,"0,711521641428513","0,711521641428513","0,711521641428513"
2024-10-02 03:00:00+00:00,76,0,"0,711521641428513","0,711521641428513","0,711521641428513"
2024-10-02 04:00:00+00:00,76,0,"0,711521641428513","0,711521641428513","0,711521641428513"
2024-10-02 05:00:00+00:00,76,0,"0,711521641428513","0,711521641428513","0,711521641428513"
2024-10-02 06:00:00+00:00,76,0,"0,711521641428513","0,711521641428513","0,711521641428513"
2024-10-02 07:00:00+00:00,76,0,"0,711521641428513","0,711521641428513","0,711521641428513"
2024-10-02 08:00:00+00:00,76,0,"0,711521641428513","0,711521641428513","0,711521641428513"
2024-10-02 09:00:00+00:00,76,0,"0,711521641428513","0,711521641428513","0,711521641428513"
2024-10-02 10:00:00+00:00,76,0,"0,711521641428513","0,711521641428513","0,711521641428513"
2024-10-02 11:00:00+00:00,76,0,"0,711521641428513","0,711521641428513","0,711521641428513"
2024-10-02 12:00:00+00:00,76,0,"0,711521641428513","0,711521641428513","0,711521641428513"
2024-10-02 13:00:00+00:00,76,0,"0,711521641428513","0,711521641428513","0,711521641428513"
2024-10-02 14:00:00+00:00,76,0,"0,711521641428513","0,711521641428513","0,711521641428513"
2024-10-02 15:00:00+00:00,76,0,"0,711521641428513","0,711521641428513","0,711521641428513"
2024-10-02 16:00:00+00:00,76,0,"0,711521641428513","0,711521641428513","0,711521641428513"
2024-10-02 17:00:00+00:00,76,0,"0,711521641428513","0,711521641428513","0,711521641428513"
2024-10-02 18:00:00+00:00,76,0,"0,711521641428513","0,711521641428513","0,711521641428513"
2024-10-02 19:00:00+00:00,76,0,"0,711521641428513","0,711521641428513","0,711521641428513"
2024-10-02 20:00:00+00:00,76,0,"0,711521641428513","0,711521641428513","0,711521641428513"
2024-10-02 21:00:00+00:00,76,0,"0,711521641428513","0,711521641428513","0,711521641428513"
2024-10-02 22:00:00+00:00,76,0,"0,711521641428513","0,711521641428513","0,711521641428513"
2024-10-02 23:00:00+00:00,76,0,"0,711521641428513","0,711521641428513","0,711521641428513"
2024-10-01 00:00:00+00:00,116,0,,,
2024-10-01 01:00:00+00:00,116,0,"0,7260978735655347",,
2024-10-01 02:00:00+00:00,116,0,"0,7260978735655347",,
2024-10-01 03:00:00+00:00,116,0,"0,7260978735655347",,"0,7260978735655347"
2024-10-01 04:00:00+00:00,116,0,"0,7260978735655347",,"0,7260978735655347"
2024-10-01 05:00:00+00:00,116,0,"0,7260978735655347",,"0,7260978735655347"
2024-10-01 06:00:00+00:00,116,0,"0,7260978735655347",,"0,7260978735655347"
2024-10-01 07:00:00+00:00,116,0,"0,7260978735655347",,"0,7260978735655347"
2024-10-01 08:00:00+00:00,116,0,"0,7260978735655347",,"0,7260978735655347"
2024-10-01 09:00:00+00:00,116,0,"0,7260978735655347",,"0,7260978735655347"
2024-10-01 10:00:00+00:00,116,0,"0,7260978735655347",,"0,7260978735655347"
2024-10-01 11:00:00+00:00,116,0,"0,7260978735655347",,"0,7260978735655347"
2024-10-01 12:00:00+00:00,116,0,"0,7260978735655347",,"0,7260978735655347"
2024-10-01 13:00:00+00:00,116,0,"0,7260978735655347",,"0,7260978735655347"
2024-10-01 14:00:00+00:00,116,0,"0,7260978735655347",,"0,7260978735655347"
2024-10-01 15:00:00+00:00,116,0,"0,7260978735655347",,"0,7260978735655347"
2024-10-01 16:00:00+00:00,116,0,"0,7260978735655347",,"0,7260978735655347"
2024-10-01 17:00:00+00:00,116,0,"0,7260978735655347",,"0,7260978735655347"
2024-10-01 18:00:00+00:00,116,0,"0,7260978735655347",,"0,7260978735655347"
2024-10-01 19:00:00+00:00,116,0,"0,7260978735655347",,"0,7260978735655347"
2024-10-01 20:00:00+00:00,116,0,"0,7260978735655347",,"0,7260978735655347"
2024-10-01 21:00:00+00:00,116,0,"0,7260978735655347",,"0,7260978735655347"
2024-10-01 22:00:00+00:00,116,0,"0,7260978735655347",,"0,7260978735655347"
2024-10-01 23:00:00+00:00,116,0,"0,7260978735655347",,"0,7260978735655347"
2024-10-02 00:00:00+00:00,116,0,"0,7260978735655347","0,7260978735655347","0,7260978735655347"
2024-10-02 01:00:00+00:00,116,0,"0,7260978735655347","0,7260978735655347","0,7260978735655347"
2024-10-02 02:00:00+00:00,116,0,"0,7260978735655347","0,7260978735655347","0,7260978735655347"
2024-10-02 03:00:00+00:00,116,0,"0,7260978735655347","0,7260978735655347","0,7260978735655347"
2024-10-02 04:00:00+00:00,116,0,"0,7260978735655347","0,7260978735655347","0,7260978735655347"
2024-10-02 05:00:00+00:00,116,0,"0,7260978735655347","0,7260978735655347","0,7260978735655347"
2024-10-02 06:00:00+00:00,116,0,"0,7260978735655347","0,7260978735655347","0,7260978735655347"
2024-10-02 07:00:00+00:00,116,0,"0,7260978735655347","0,7260978735655347","0,7260978735655347"
2024-10-02 08:00:00+00:00,116,0,"0,7260978735655347","0,7260978735655347","0,7260978735655347"
2024-10-02 09:00:00+00:00,116,0,"0,7260978735655347","0,7260978735655347","0,7260978735655347"
2024-10-02 10:00:00+00:00,116,0,"0,7260978735655347","0,7260978735655347","0,7260978735655347"
2024-10-02 11:00:00+00:00,116,0,"0,7260978735655347","0,7260978735655347","0,7260978735655347"
2024-10-02 12:00:00+00:00,116,0,"0,7260978735655347","0,7260978735655347","0,7260978735655347"
2024-10-02 13:00:00+00:00,116,0,"0,7260978735655347","0,7260978735655347","0,7260978735655347"
2024-10-02 14:00:00+00:00,116,0,"0,7260978735655347","0,7260978735655347","0,7260978735655347"
2024-10-02 15:00:00+00:00,116,0,"0,7260978735655347","0,7260978735655347","0,7260978735655347"
2024-10-02 16:00:00+00:00,116,0,"0,7260978735655347","0,7260978735655347","0,7260978735655347"
2024-10-02 17:00:00+00:00,116,0,"0,7260978735655347","0,7260978735655347","0,7260978735655347"
2024-10-02 18:00:00+00:00,116,0,"0,7260978735655347","0,7260978735655347","0,7260978735655347"
2024-10-02 19:00:00+00:00,116,0,"0,7260978735655347","0,7260978735655347","0,7260978735655347"
2024-10-02 20:00:00+00:00,116,0,"0,7260978735655347","0,7260978735655347","0,7260978735655347"
2024-10-02 21:00:00+00:00,116,0,"0,7260978735655347","0,7260978735655347","0,7260978735655347"
2024-10-02 22:00:00+00:00,116,0,"0,7260978735655347","0,7260978735655347","0,7260978735655347"
2024-10-02 23:00:00+00:00,116,0,"0,7260978735655347","0,7260978735655347","0,7260978735655347"
2024-10-01 00:00:00+00:00,149,0,,,
2024-10-01 01:00:00+00:00,149,0,"0,5511594803458258",,
2024-10-01 02:00:00+00:00,149,0,"0,5511594803458258",,
2024-10-01 03:00:00+00:00,149,0,"0,5511594803458258",,"0,5511594803458258"
2024-10-01 04:00:00+00:00,149,0,"0,5511594803458258",,"0,5511594803458258"
2024-10-01 05:00:00+00:00,149,0,"0,5511594803458258",,"0,5511594803458258"
2024-10-01 06:00:00+00:00,149,0,"0,5511594803458258",,"0,5511594803458258"
2024-10-01 07:00:00+00:00,149,0,"0,5511594803458258",,"0,5511594803458258"
2024-10-01 08:00:00+00:00,149,0,"0,5511594803458258",,"0,5511594803458258"
2024-10-01 09:00:00+00:00,149,0,"0,5511594803458258",,"0,5511594803458258"
2024-10-01 10:00:00+00:00,149,0,"0,5511594803458258",,"0,5511594803458258"
2024-10-01 11:00:00+00:00,149,0,"0,5511594803458258",,"0,5511594803458258"
2024-10-01 12:00:00+00:00,149,0,"0,5511594803458258",,"0,5511594803458258"
2024-10-01 13:00:00+00:00,149,0,"0,5511594803458258",,"0,5511594803458258"
2024-10-01 14:00:00+00:00,149,0,"0,5511594803458258",,"0,5511594803458258"
2024-10-01 15:00:00+00:00,149,0,"0,5511594803458258",,"0,5511594803458258"
2024-10-01 16:00:00+00:00,149,0,"0,5511594803458258",,"0,5511594803458258"
2024-10-01 17:00:00+00:00,149,0,"0,5511594803458258",,"0,5511594803458258"
2024-10-01 18:00:00+00:00,149,0,"0,5511594803458258",,"0,5511594803458258"
2024-10-01 19:00:00+00:00,149,0,"0,5511594803458258",,"0,5511594803458258"
2024-10-01 20:00:00+00:00,149,0,"0,5511594803458258",,"0,5511594803458258"
2024-10-01 21:00:00+00:00,149,0,"0,5511594803458258",,"0,5511594803458258"
2024-10-01 22:00:00+00:00,149,0,"0,5511594803458258",,"0,5511594803458258"
2024-10-01 23:00:00+00:00,149,0,"0,5511594803458258",,"0,5511594803458258"
2024-10-02 00:00:00+00:00,149,0,"0,5511594803458258","0,5511594803458258","0,5511594803458258"
2024-10-02 01:00:00+00:00,149,0,"0,5511594803458258","0,5511594803458258","0,5511594803458258"
2024-10-02 02:00:00+00:00,149,0,"0,5511594803458258","0,5511594803458258","0,5511594803458258"
2024-10-02 03:00:00+00:00,149,0,"0,5511594803458258","0,5511594803458258","0,5511594803458258"
2024-10-02 04:00:00+00:00,149,0,"0,5511594803458258","0,5511594803458258","0,5511594803458258"
2024-10-02 05:00:00+00:00,149,0,"0,5511594803458258","0,5511594803458258","0,5511594803458258"
2024-10-02 06:00:00+00:00,149,0,"0,5511594803458258","0,5511594803458258","0,5511594803458258"
2024-10-02 07:00:00+00:00,149,0,"0,5511594803458258","0,5511594803458258","0,5511594803458258"
2024-10-02 08:00:00+00:00,149,0,"0,5511594803458258","0,5511594803458258","0,5511594803458258"
2024-10-02 09:00:00+00:00,149,0,"0,5511594803458258","0,5511594803458258","0,5511594803458258"
2024-10-02 10:00:00+00:00,149,0,"0,5511594803458258","0,5511594803458258","0,5511594803458258"
2024-10-02 11:00:00+00:00,149,0,"0,5511594803458258","0,5511594803458258","0,5511594803458258"
2024-10-02 12:00:00+00:00,149,0,"0,5511594803458258","0,5511594803458258","0,5511594803458258"
2024-10-02 13:00:00+00:00,149,0,"0,5511594803458258","0,5511594803458258","0,5511594803458258"
2024-10-02 14:00:00+00:00,149,0,"0,5511594803458258","0,5511594803458258","0,5511594803458258"
2024-10-02 15:00:00+00:00,149,0,"0,5511594803458258","0,5511594803458258","0,5511594803458258"
2024-10-02 16:00:00+00:00,149,0,"0,5511594803458258","0,5511594803458258","0,5511594803458258"
2024-10-02 17:00:00+00:00,149,0,"0,5511594803458258","0,5511594803458258","0,5511594803458258"
2024-10-02 18:00:00+00:00,149,0,"0,5511594803458258","0,5511594803458258","0,5511594803458258"
2024-10-02 19:00:00+00:00,149,0,"0,5511594803458258","0,5511594803458258","0,5511594803458258"
2024-10-02 20:00:00+00:00,149,0,"0,5511594803458258","0,5511594803458258","0,5511594803458258"
2024-10-02 21:00:00+00:00,149,0,"0,5511594803458258","0,5511594803458258","0,5511594803458258"
2024-10-02 22:00:00+00:00,149,0,"0,5511594803458258","0,5511594803458258","0,5511594803458258"
2024-10-02 23:00:00+00:00,149,0,"0,5511594803458258","0,5511594803458258","0,5511594803458258"
2024-10-01 00:00:00+00:00,150,0,,,
2024-10-01 01:00:00+00:00,150,0,"4,948,272,426,945,200",,
2024-10-01 02:00:00+00:00,150,0,"4,948,272,426,945,200",,
2024-10-01 03:00:00+00:00,150,0,"4,948,272,426,945,200",,"4,948,272,426,945,200"
2024-10-01 04:00:00+00:00,150,0,"4,948,272,426,945,200",,"4,948,272,426,945,200"
2024-10-01 05:00:00+00:00,150,0,"4,948,272,426,945,200",,"4,948,272,426,945,200"
2024-10-01 06:00:00+00:00,150,0,"4,948,272,426,945,200",,"4,948,272,426,945,200"
2024-10-01 07:00:00+00:00,150,0,"4,948,272,426,945,200",,"4,948,272,426,945,200"
2024-10-01 08:00:00+00:00,150,0,"4,948,272,426,945,200",,"4,948,272,426,945,200"
2024-10-01 09:00:00+00:00,150,0,"4,948,272,426,945,200",,"4,948,272,426,945,200"
2024-10-01 10:00:00+00:00,150,0,"4,948,272,426,945,200",,"4,948,272,426,945,200"
2024-10-01 11:00:00+00:00,150,0,"4,948,272,426,945,200",,"4,948,272,426,945,200"
2024-10-01 12:00:00+00:00,150,0,"4,948,272,426,945,200",,"4,948,272,426,945,200"
2024-10-01 13:00:00+00:00,150,0,"4,948,272,426,945,200",,"4,948,272,426,945,200"
2024-10-01 14:00:00+00:00,150,0,"4,948,272,426,945,200",,"4,948,272,426,945,200"
2024-10-01 15:00:00+00:00,150,0,"4,948,272,426,945,200",,"4,948,272,426,945,200"
2024-10-01 16:00:00+00:00,150,0,"4,948,272,426,945,200",,"4,948,272,426,945,200"
2024-10-01 17:00:00+00:00,150,0,"4,948,272,426,945,200",,"4,948,272,426,945,200"
2024-10-01 18:00:00+00:00,150,0,"4,948,272,426,945,200",,"4,948,272,426,945,200"
2024-10-01 19:00:00+00:00,150,0,"4,948,272,426,945,200",,"4,948,272,426,945,200"
2024-10-01 20:00:00+00:00,150,0,"4,948,272,426,945,200",,"4,948,272,426,945,200"
2024-10-01 21:00:00+00:00,150,0,"4,948,272,426,945,200",,"4,948,272,426,945,200"
2024-10-01 22:00:00+00:00,150,0,"4,948,272,426,945,200",,"4,948,272,426,945,200"
2024-10-01 23:00:00+00:00,150,0,"4,948,272,426,945,200",,"4,948,272,426,945,200"
2024-10-02 00:00:00+00:00,150,0,"4,948,272,426,945,200","4,948,272,426,945,200","4,948,272,426,945,200"
2024-10-02 01:00:00+00:00,150,0,"4,948,272,426,945,200","4,948,272,426,945,200","4,948,272,426,945,200"
2024-10-02 02:00:00+00:00,150,0,"4,948,272,426,945,200","4,948,272,426,945,200","4,948,272,426,945,200"
2024-10-02 03:00:00+00:00,150,0,"4,948,272,426,945,200","4,948,272,426,945,200","4,948,272,426,945,200"
2024-10-02 04:00:00+00:00,150,0,"4,948,272,426,945,200","4,948,272,426,945,200","4,948,272,426,945,200"
2024-10-02 05:00:00+00:00,150,0,"4,948,272,426,945,200","4,948,272,426,945,200","4,948,272,426,945,200"
2024-10-02 06:00:00+00:00,150,0,"4,948,272,426,945,200","4,948,272,426,945,200","4,948,272,426,945,200"
2024-10-02 07:00:00+00:00,150,0,"4,948,272,426,945,200","4,948,272,426,945,200","4,948,272,426,945,200"
2024-10-02 08:00:00+00:00,150,0,"4,948,272,426,945,200","4,948,272,426,945,200","4,948,272,426,945,200"
2024-10-02 09:00:00+00:00,150,0,"4,948,272,426,945,200","4,948,272,426,945,200","4,948,272,426,945,200"
2024-10-02 10:00:00+00:00,150,0,"4,948,272,426,945,200","4,948,272,426,945,200","4,948,272,426,945,200"
2024-10-02 11:00:00+00:00,150,0,"4,948,272,426,945,200","4,948,272,426,945,200","4,948,272,426,945,200"
2024-10-02 12:00:00+00:00,150,0,"4,948,272,426,945,200","4,948,272,426,945,200","4,948,272,426,945,200"
2024-10-02 13:00:00+00:00,150,0,"4,948,272,426,945,200","4,948,272,426,945,200","4,948,272,426,945,200"
2024-10-02 14:00:00+00:00,150,0,"4,948,272,426,945,200","4,948,272,426,945,200","4,948,272,426,945,200"
2024-10-02 15:00:00+00:00,150,0,"4,948,272,426,945,200","4,948,272,426,945,200","4,948,272,426,945,200"
2024-10-02 16:00:00+00:00,150,0,"4,948,272,426,945,200","4,948,272,426,945,200","4,948,272,426,945,200"
2024-10-02 17:00:00+00:00,150,0,"4,948,272,426,945,200","4,948,272,426,945,200","4,948,272,426,945,200"
2024-10-02 18:00:00+00:00,150,0,"4,948,272,426,945,200","4,948,272,426,945,200","4,948,272,426,945,200"
2024-10-02 19:00:00+00:00,150,0,"4,948,272,426,945,200","4,948,272,426,945,200","4,948,272,426,945,200"
2024-10-02 20:00:00+00:00,150,0,"4,948,272,426,945,200","4,948,272,426,945,200","4,948,272,426,945,200"
2024-10-02 21:00:00+00:00,150,0,"4,948,272,426,945,200","4,948,272,426,945,200","4,948,272,426,945,200"
2024-10-02 22:00:00+00:00,150,0,"4,948,272,426,945,200","4,948,272,426,945,200","4,948,272,426,945,200"
2024-10-02 23:00:00+00:00,150,0,"4,948,272,426,945,200","4,948,272,426,945,200","4,948,272,426,945,200"
2024-10-01 00:00:00+00:00,151,0,,,
2024-10-01 01:00:00+00:00,151,0,"0,1298534057266658",,
2024-10-01 02:00:00+00:00,151,0,"0,1298534057266658",,
2024-10-01 03:00:00+00:00,151,0,"0,1298534057266658",,"0,1298534057266658"
2024-10-01 04:00:00+00:00,151,0,"0,1298534057266658",,"0,1298534057266658"
2024-10-01 05:00:00+00:00,151,0,"0,1298534057266658",,"0,1298534057266658"
2024-10-01 06:00:00+00:00,151,0,"0,1298534057266658",,"0,1298534057266658"
2024-10-01 07:00:00+00:00,151,0,"0,1298534057266658",,"0,1298534057266658"
2024-10-01 08:00:00+00:00,151,0,"0,1298534057266658",,"0,1298534057266658"
2024-10-01 09:00:00+00:00,151,0,"0,1298534057266658",,"0,1298534057266658"
2024-10-01 10:00:00+00:00,151,0,"0,1298534057266658",,"0,1298534057266658"
2024-10-01 11:00:00+00:00,151,0,"0,1298534057266658",,"0,1298534057266658"
2024-10-01 12:00:00+00:00,151,0,"0,1298534057266658",,"0,1298534057266658"
2024-10-01 13:00:00+00:00,151,0,"0,1298534057266658",,"0,1298534057266658"
2024-10-01 14:00:00+00:00,151,0,"0,1298534057266658",,"0,1298534057266658"
2024-10-01 15:00:00+00:00,151,0,"0,1298534057266658",,"0,1298534057266658"
2024-10-01 16:00:00+00:00,151,0,"0,1298534057266658",,"0,1298534057266658"
2024-10-01 17:00:00+00:00,151,0,"0,1298534057266658",,"0,1298534057266658"
2024-10-01 18:00:00+00:00,151,0,"0,1298534057266658",,"0,1298534057266658"
2024-10-01 19:00:00+00:00,151,0,"0,1298534057266658",,"0,1298534057266658"
2024-10-01 20:00:00+00:00,151,0,"0,1298534057266658",,"0,1298534057266658"
2024-10-01 21:00:00+00:00,151,0,"0,1298534057266658",,"0,1298534057266658"
2024-10-01 22:00:00+00:00,151,0,"0,1298534057266658",,"0,1298534057266658"
2024-10-01 23:00:00+00:00,151,0,"0,1298534057266658",,"0,1298534057266658"
2024-10-02 00:00:00+00:00,151,0,"0,1298534057266658","0,1298534057266658","0,1298534057266658"
2024-10-02 01:00:00+00:00,151,0,"0,1298534057266658","0,1298534057266658","0,1298534057266658"
2024-10-02 02:00:00+00:00,151,0,"0,1298534057266658","0,1298534057266658","0,1298534057266658"
2024-10-02 03:00:00+00:00,151,0,"0,1298534057266658","0,1298534057266658","0,1298534057266658"
2024-10-02 04:00:00+00:00,151,0,"0,1298534057266658","0,1298534057266658","0,1298534057266658"
2024-10-02 05:00:00+00:00,151,0,"0,1298534057266658","0,1298534057266658","0,1298534057266658"
2024-10-02 06:00:00+00:00,151,0,"0,1298534057266658","0,1298534057266658","0,1298534057266658"
2024-10-02 07:00:00+00:00,151,0,"0,1298534057266658","0,1298534057266658","0,1298534057266658"
2024-10-02 08:00:00+00:00,151,0,"0,1298534057266658","0,1298534057266658","0,1298534057266658"
2024-10-02 09:00:00+00:00,151,0,"0,1298534057266658","0,1298534057266658","0,1298534057266658"
2024-10-02 10:00:00+00:00,151,0,"0,1298534057266658","0,1298534057266658","0,1298534057266658"
2024-10-02 11:00:00+00:00,151,0,"0,1298534057266658","0,1298534057266658","0,1298534057266658"
2024-10-02 12:00:00+00:00,151,0,"0,1298534057266658","0,1298534057266658","0,1298534057266658"
2024-10-02 13:00:00+00:00,151,0,"0,1298534057266658","0,1298534057266658","0,1298534057266658"
2024-10-02 14:00:00+00:00,151,0,"0,1298534057266658","0,1298534057266658","0,1298534057266658"
2024-10-02 15:00:00+00:00,151,0,"0,1298534057266658","0,1298534057266658","0,1298534057266658"
2024-10-02 16:00:00+00:00,151,0,"0,1298534057266658","0,1298534057266658","0,1298534057266658"
2024-10-02 17:00:00+00:00,151,0,"0,1298534057266658","0,1298534057266658","0,1298534057266658"
2024-10-02 18:00:00+00:00,151,0,"0,1298534057266658","0,1298534057266658","0,1298534057266658"
2024-10-02 19:00:00+00:00,151,0,"0,1298534057266658","0,1298534057266658","0,1298534057266658"
2024-10-02 20:00:00+00:00,151,0,"0,1298534057266658","0,1298534057266658","0,1298534057266658"
2024-10-02 21:00:00+00:00,151,0,"0,1298534057266658","0,1298534057266658","0,1298534057266658"
2024-10-02 22:00:00+00:00,151,0,"0,1298534057266658","0,1298534057266658","0,1298534057266658"
2024-10-02 23:00:00+00:00,151,0,"0,1298534057266658","0,1298534057266658","0,1298534057266658"
2024-10-01 00:00:00+00:00,152,0,,,
2024-10-01 01:00:00+00:00,152,0,"12,176,197,278,686,000",,
2024-10-01 02:00:00+00:00,152,0,"12,176,197,278,686,000",,
2024-10-01 03:00:00+00:00,152,0,"12,176,197,278,686,000",,"12,176,197,278,686,000"
2024-10-01 04:00:00+00:00,152,0,"12,176,197,278,686,000",,"12,176,197,278,686,000"
2024-10-01 05:00:00+00:00,152,0,"12,176,197,278,686,000",,"12,176,197,278,686,000"
2024-10-01 06:00:00+00:00,152,0,"12,176,197,278,686,000",,"12,176,197,278,686,000"
2024-10-01 07:00:00+00:00,152,0,"12,176,197,278,686,000",,"12,176,197,278,686,000"
2024-10-01 08:00:00+00:00,152,0,"12,176,197,278,686,000",,"12,176,197,278,686,000"
2024-10-01 09:00:00+00:00,152,0,"12,176,197,278,686,000",,"12,176,197,278,686,000"
2024-10-01 10:00:00+00:00,152,0,"12,176,197,278,686,000",,"12,176,197,278,686,000"
2024-10-01 11:00:00+00:00,152,0,"12,176,197,278,686,000",,"12,176,197,278,686,000"
2024-10-01 12:00:00+00:00,152,0,"12,176,197,278,686,000",,"12,176,197,278,686,000"
2024-10-01 13:00:00+00:00,152,0,"12,176,197,278,686,000",,"12,176,197,278,686,000"
2024-10-01 14:00:00+00:00,152,0,"12,176,197,278,686,000",,"12,176,197,278,686,000"
2024-10-01 15:00:00+00:00,152,0,"12,176,197,278,686,000",,"12,176,197,278,686,000"
2024-10-01 16:00:00+00:00,152,0,"12,176,197,278,686,000",,"12,176,197,278,686,000"
2024-10-01 17:00:00+00:00,152,0,"12,176,197,278,686,000",,"12,176,197,278,686,000"
2024-10-01 18:00:00+00:00,152,0,"12,176,197,278,686,000",,"12,176,197,278,686,000"
2024-10-01 19:00:00+00:00,152,0,"12,176,197,278,686,000",,"12,176,197,278,686,000"
2024-10-01 20:00:00+00:00,152,0,"12,176,197,278,686,000",,"12,176,197,278,686,000"
2024-10-01 21:00:00+00:00,152,0,"12,176,197,278,686,000",,"12,176,197,278,686,000"
2024-10-01 22:00:00+00:00,152,0,"12,176,197,278,686,000",,"12,176,197,278,686,000"
2024-10-01 23:00:00+00:00,152,0,"12,176,197,278,686,000",,"12,176,197,278,686,000"
2024-10-02 00:00:00+00:00,152,0,"12,176,197,278,686,000","12,176,197,278,686,000","12,176,197,278,686,000"
2024-10-02 01:00:00+00:00,152,0,"12,176,197,278,686,000","12,176,197,278,686,000","12,176,197,278,686,000"
2024-10-02 02:00:00+00:00,152,0,"12,176,197,278,686,000","12,176,197,278,686,000","12,176,197,278,686,000"
2024-10-02 03:00:00+00:00,152,0,"12,176,197,278,686,000","12,176,197,278,686,000","12,176,197,278,686,000"
2024-10-02 04:00:00+00:00,152,0,"12,176,197,278,686,000","12,176,197,278,686,000","12,176,197,278,686,000"
2024-10-02 05:00:00+00:00,152,0,"12,176,197,278,686,000","12,176,197,278,686,000","12,176,197,278,686,000"
2024-10-02 06:00:00+00:00,152,0,"12,176,197,278,686,000","12,176,197,278,686,000","12,176,197,278,686,000"
2024-10-02 07:00:00+00:00,152,0,"12,176,197,278,686,000","12,176,197,278,686,000","12,176,197,278,686,000"
2024-10-02 08:00:00+00:00,152,0,"12,176,197,278,686,000","12,176,197,278,686,000","12,176,197,278,686,000"
2024-10-02 09:00:00+00:00,152,0,"12,176,197,278,686,000","12,176,197,278,686,000","12,176,197,278,686,000"
2024-10-02 10:00:00+00:00,152,0,"12,176,197,278,686,000","12,176,197,278,686,000","12,176,197,278,686,000"
2024-10-02 11:00:00+00:00,152,0,"12,176,197,278,686,000","12,176,197,278,686,000","12,176,197,278,686,000"
2024-10-02 12:00:00+00:00,152,0,"12,176,197,278,686,000","12,176,197,278,686,000","12,176,197,278,686,000"
2024-10-02 13:00:00+00:00,152,0,"12,176,197,278,686,000","12,176,197,278,686,000","12,176,197,278,686,000"
2024-10-02 14:00:00+00:00,152,0,"12,176,197,278,686,000","12,176,197,278,686,000","12,176,197,278,686,000"
2024-10-02 15:00:00+00:00,152,0,"12,176,197,278,686,000","12,176,197,278,686,000","12,176,197,278,686,000"
2024-10-02 16:00:00+00:00,152,0,"12,176,197,278,686,000","12,176,197,278,686,000","12,176,197,278,686,000"
2024-10-02 17:00:00+00:00,152,0,"12,176,197,278,686,000","12,176,197,278,686,000","12,176,197,278,686,000"
2024-10-02 18:00:00+00:00,152,0,"12,176,197,278,686,000","12,176,197,278,686,000","12,176,197,278,686,000"
2024-10-02 19:00:00+00:00,152,0,"12,176,197,278,686,000","12,176,197,278,686,000","12,176,197,278,686,000"
2024-10-02 20:00:00+00:00,152,0,"12,176,197,278,686,000","12,176,197,278,686,000","12,176,197,278,686,000"
2024-10-02 21:00:00+00:00,152,0,"12,176,197,278,686,000","12,176,197,278,686,000","12,176,197,278,686,000"
2024-10-02 22:00:00+00:00,152,0,"12,176,197,278,686,000","12,176,197,278,686,000","12,176,197,278,686,000"
2024-10-02 23:00:00+00:00,152,0,"12,176,197,278,686,000","12,176,197,278,686,000","12,176,197,278,686,000"
2024-10-01 00:00:00+00:00,157,0,,,
2024-10-01 01:00:00+00:00,157,0,"0,10295441969521825",,
2024-10-01 02:00:00+00:00,157,0,"0,10295441969521825",,
2024-10-01 03:00:00+00:00,157,0,"0,10295441969521825",,"0,10295441969521825"
2024-10-01 04:00:00+00:00,157,0,"0,10295441969521825",,"0,10295441969521825"
2024-10-01 05:00:00+00:00,157,0,"0,10295441969521825",,"0,10295441969521825"
2024-10-01 06:00:00+00:00,157,0,"0,10295441969521825",,"0,10295441969521825"
2024-10-01 07:00:00+00:00,157,0,"0,10295441969521825",,"0,10295441969521825"
2024-10-01 08:00:00+00:00,157,0,"0,10295441969521825",,"0,10295441969521825"
2024-10-01 09:00:00+00:00,157,0,"0,10295441969521825",,"0,10295441969521825"
2024-10-01 10:00:00+00:00,157,0,"0,10295441969521825",,"0,10295441969521825"
2024-10-01 11:00:00+00:00,157,0,"0,10295441969521825",,"0,10295441969521825"
2024-10-01 12:00:00+00:00,157,0,"0,10295441969521825",,"0,10295441969521825"
2024-10-01 13:00:00+00:00,157,0,"0,10295441969521825",,"0,10295441969521825"
2024-10-01 14:00:00+00:00,157,0,"0,10295441969521825",,"0,10295441969521825"
2024-10-01 15:00:00+00:00,157,0,"0,10295441969521825",,"0,10295441969521825"
2024-10-01 16:00:00+00:00,157,0,"0,10295441969521825",,"0,10295441969521825"
2024-10-01 17:00:00+00:00,157,0,"0,10295441969521825",,"0,10295441969521825"
2024-10-01 18:00:00+00:00,157,0,"0,10295441969521825",,"0,10295441969521825"
2024-10-01 19:00:00+00:00,157,0,"0,10295441969521825",,"0,10295441969521825"
2024-10-01 20:00:00+00:00,157,0,"0,10295441969521825",,"0,10295441969521825"
2024-10-01 21:00:00+00:00,157,0,"0,10295441969521825",,"0,10295441969521825"
2024-10-01 22:00:00+00:00,157,0,"0,10295441969521825",,"0,10295441969521825"
2024-10-01 23:00:00+00:00,157,0,"0,10295441969521825",,"0,10295441969521825"
2024-10-02 00:00:00+00:00,157,0,"0,10295441969521825","0,10295441969521825","0,10295441969521825"
2024-10-02 01:00:00+00:00,157,0,"0,10295441969521825","0,10295441969521825","0,10295441969521825"
2024-10-02 02:00:00+00:00,157,0,"0,10295441969521825","0,10295441969521825","0,10295441969521825"
2024-10-02 03:00:00+00:00,157,0,"0,10295441969521825","0,10295441969521825","0,10295441969521825"
2024-10-02 04:00:00+00:00,157,0,"0,10295441969521825","0,10295441969521825","0,10295441969521825"
2024-10-02 05:00:00+00:00,157,0,"0,10295441969521825","0,10295441969521825","0,10295441969521825"
2024-10-02 06:00:00+00:00,157,0,"0,10295441969521825","0,10295441969521825","0,10295441969521825"
2024-10-02 07:00:00+00:00,157,0,"0,10295441969521825","0,10295441969521825","0,10295441969521825"
2024-10-02 08:00:00+00:00,157,0,"0,10295441969521825","0,10295441969521825","0,10295441969521825"
2024-10-02 09:00:00+00:00,157,0,"0,10295441969521825","0,10295441969521825","0,10295441969521825"
2024-10-02 10:00:00+00:00,157,0,"0,10295441969521825","0,10295441969521825","0,10295441969521825"
2024-10-02 11:00:00+00:00,157,0,"0,10295441969521825","0,10295441969521825","0,10295441969521825"
2024-10-02 12:00:00+00:00,157,0,"0,10295441969521825","0,10295441969521825","0,10295441969521825"
2024-10-02 13:00:00+00:00,157,0,"0,10295441969521825","0,10295441969521825","0,10295441969521825"
2024-10-02 14:00:00+00:00,157,0,"0,10295441969521825","0,10295441969521825","0,10295441969521825"
2024-10-02 15:00:00+00:00,157,0,"0,10295441969521825","0,10295441969521825","0,10295441969521825"
2024-10-02 16:00:00+00:00,157,0,"0,10295441969521825","0,10295441969521825","0,10295441969521825"
2024-10-02 17:00:00+00:00,157,0,"0,10295441969521825","0,10295441969521825","0,10295441969521825"
2024-10-02 18:00:00+00:00,157,0,"0,10295441969521825","0,10295441969521825","0,10295441969521825"
2024-10-02 19:00:00+00:00,157,0,"0,10295441969521825","0,10295441969521825","0,10295441969521825"
2024-10-02 20:00:00+00:00,157,0,"0,10295441969521825","0,10295441969521825","0,10295441969521825"
2024-10-02 21:00:00+00:00,157,0,"0,10295441969521825","0,10295441969521825","0,10295441969521825"
2024-10-02 22:00:00+00:00,157,0,"0,10295441969521825","0,10295441969521825","0,10295441969521825"
2024-10-02 23:00:00+00:00,157,0,"0,10295441969521825","0,10295441969521825","0,10295441969521825"
2024-10-01 00:00:00+00:00,196,0,,,
2024-10-01 01:00:00+00:00,196,0,"0,12402929253428606",,
2024-10-01 02:00:00+00:00,196,0,"0,12402929253428606",,
2024-10-01 03:00:00+00:00,196,0,"0,12402929253428606",,"0,12402929253428606"
2024-10-01 04:00:00+00:00,196,0,"0,12402929253428606",,"0,12402929253428606"
2024-10-01 05:00:00+00:00,196,0,"0,12402929253428606",,"0,12402929253428606"
2024-10-01 06:00:00+00:00,196,0,"0,12402929253428606",,"0,12402929253428606"
2024-10-01 07:00:00+00:00,196,0,"0,12402929253428606",,"0,12402929253428606"
2024-10-01 08:00:00+00:00,196,0,"0,12402929253428606",,"0,12402929253428606"
2024-10-01 09:00:00+00:00,196,0,"0,12402929253428606",,"0,12402929253428606"
2024-10-01 10:00:00+00:00,196,0,"0,12402929253428606",,"0,12402929253428606"
2024-10-01 11:00:00+00:00,196,0,"0,12402929253428606",,"0,12402929253428606"
2024-10-01 12:00:00+00:00,196,0,"0,12402929253428606",,"0,12402929253428606"
2024-10-01 13:00:00+00:00,196,0,"0,12402929253428606",,"0,12402929253428606"
2024-10-01 14:00:00+00:00,196,0,"0,12402929253428606",,"0,12402929253428606"
2024-10-01 15:00:00+00:00,196,0,"0,12402929253428606",,"0,12402929253428606"
2024-10-01 16:00:00+00:00,196,0,"0,12402929253428606",,"0,12402929253428606"
2024-10-01 17:00:00+00:00,196,0,"0,12402929253428606",,"0,12402929253428606"
2024-10-01 18:00:00+00:00,196,0,"0,12402929253428606",,"0,12402929253428606"
2024-10-01 19:00:00+00:00,196,0,"0,12402929253428606",,"0,12402929253428606"
2024-10-01 20:00:00+00:00,196,0,"0,12402929253428606",,"0,12402929253428606"
2024-10-01 21:00:00+00:00,196,0,"0,12402929253428606",,"0,12402929253428606"
2024-10-01 22:00:00+00:00,196,0,"0,12402929253428606",,"0,12402929253428606"
2024-10-01 23:00:00+00:00,196,0,"0,12402929253428606",,"0,12402929253428606"
2024-10-02 00:00:00+00:00,196,0,"0,12402929253428606","0,12402929253428606","0,12402929253428606"
2024-10-02 01:00:00+00:00,196,0,"0,12402929253428606","0,12402929253428606","0,12402929253428606"
2024-10-02 02:00:00+00:00,196,0,"0,12402929253428606","0,12402929253428606","0,12402929253428606"
2024-10-02 03:00:00+00:00,196,0,"0,12402929253428606","0,12402929253428606","0,12402929253428606"
2024-10-02 04:00:00+00:00,196,0,"0,12402929253428606","0,12402929253428606","0,12402929253428606"
2024-10-02 05:00:00+00:00,196,0,"0,12402929253428606","0,12402929253428606","0,12402929253428606"
2024-10-02 06:00:00+00:00,196,0,"0,12402929253428606","0,12402929253428606","0,12402929253428606"
2024-10-02 07:00:00+00:00,196,0,"0,12402929253428606","0,12402929253428606","0,12402929253428606"
2024-10-02 08:00:00+00:00,196,0,"0,12402929253428606","0,12402929253428606","0,12402929253428606"
2024-10-02 09:00:00+00:00,196,0,"0,12402929253428606","0,12402929253428606","0,12402929253428606"
2024-10-02 10:00:00+00:00,196,0,"0,12402929253428606","0,12402929253428606","0,12402929253428606"
2024-10-02 11:00:00+00:00,196,0,"0,12402929253428606","0,12402929253428606","0,12402929253428606"
2024-10-02 12:00:00+00:00,196,0,"0,12402929253428606","0,12402929253428606","0,12402929253428606"
2024-10-02 13:00:00+00:00,196,0,"0,12402929253428606","0,12402929253428606","0,12402929253428606"
2024-10-02 14:00:00+00:00,196,0,"0,12402929253428606","0,12402929253428606","0,12402929253428606"
2024-10-02 15:00:00+00:00,196,0,"0,12402929253428606","0,12402929253428606","0,12402929253428606"
2024-10-02 16:00:00+00:00,196,0,"0,12402929253428606","0,12402929253428606","0,12402929253428606"
2024-10-02 17:00:00+00:00,196,0,"0,12402929253428606","0,12402929253428606","0,12402929253428606"
2024-10-02 18:00:00+00:00,196,0,"0,12402929253428606","0,12402929253428606","0,12402929253428606"
2024-10-02 19:00:00+00:00,196,0,"0,12402929253428606","0,12402929253428606","0,12402929253428606"
2024-10-02 20:00:00+00:00,196,0,"0,12402929253428606","0,12402929253428606","0,12402929253428606"
2024-10-02 21:00:00+00:00,196,0,"0,12402929253428606","0,12402929253428606","0,12402929253428606"
2024-10-02 22:00:00+00:00,196,0,"0,12402929253428606","0,12402929253428606","0,12402929253428606"
2024-10-02 23:00:00+00:00,196,0,"0,12402929253428606","0,12402929253428606","0,12402929253428606"
2024-10-01 00:00:00+00:00,197,0,,,
2024-10-01 01:00:00+00:00,197,0,"0,407355205278407",,
2024-10-01 02:00:00+00:00,197,0,"0,407355205278407",,
2024-10-01 03:00:00+00:00,197,0,"0,407355205278407",,"0,407355205278407"
2024-10-01 04:00:00+00:00,197,0,"0,407355205278407",,"0,407355205278407"
2024-10-01 05:00:00+00:00,197,0,"0,407355205278407",,"0,407355205278407"
2024-10-01 06:00:00+00:00,197,0,"0,407355205278407",,"0,407355205278407"
2024-10-01 07:00:00+00:00,197,0,"0,407355205278407",,"0,407355205278407"
2024-10-01 08:00:00+00:00,197,0,"0,407355205278407",,"0,407355205278407"
2024-10-01 09:00:00+00:00,197,0,"0,407355205278407",,"0,407355205278407"
2024-10-01 10:00:00+00:00,197,0,"0,407355205278407",,"0,407355205278407"
2024-10-01 11:00:00+00:00,197,0,"0,407355205278407",,"0,407355205278407"
2024-10-01 12:00:00+00:00,197,0,"0,407355205278407",,"0,407355205278407"
2024-10-01 13:00:00+00:00,197,0,"0,407355205278407",,"0,407355205278407"
2024-10-01 14:00:00+00:00,197,0,"0,407355205278407",,"0,407355205278407"
2024-10-01 15:00:00+00:00,197,0,"0,407355205278407",,"0,407355205278407"
2024-10-01 16:00:00+00:00,197,0,"0,407355205278407",,"0,407355205278407"
2024-10-01 17:00:00+00:00,197,0,"0,407355205278407",,"0,407355205278407"
2024-10-01 18:00:00+00:00,197,0,"0,407355205278407",,"0,407355205278407"
2024-10-01 19:00:00+00:00,197,0,"0,407355205278407",,"0,407355205278407"
2024-10-01 20:00:00+00:00,197,0,"0,407355205278407",,"0,407355205278407"
2024-10-01 21:00:00+00:00,197,0,"0,407355205278407",,"0,407355205278407"
2024-10-01 22:00:00+00:00,197,0,"0,407355205278407",,"0,407355205278407"
2024-10-01 23:00:00+00:00,197,0,"0,407355205278407",,"0,407355205278407"
2024-10-02 00:00:00+00:00,197,0,"0,407355205278407","0,407355205278407","0,407355205278407"
2024-10-02 01:00:00+00:00,197,0,"0,407355205278407","0,407355205278407","0,407355205278407"
2024-10-02 02:00:00+00:00,197,0,"0,407355205278407","0,407355205278407","0,407355205278407"
2024-10-02 03:00:00+00:00,197,0,"0,407355205278407","0,407355205278407","0,407355205278407"
2024-10-02 04:00:00+00:00,197,0,"0,407355205278407","0,407355205278407","0,407355205278407"
2024-10-02 05:00:00+00:00,197,0,"0,407355205278407","0,407355205278407","0,407355205278407"
2024-10-02 06:00:00+00:00,197,0,"0,407355205278407","0,407355205278407","0,407355205278407"
2024-10-02 07:00:00+00:00,197,0,"0,407355205278407","0,407355205278407","0,407355205278407"
2024-10-02 08:00:00+00:00,197,0,"0,407355205278407","0,407355205278407","0,407355205278407"
2024-10-02 09:00:00+00:00,197,0,"0,407355205278407","0,407355205278407","0,407355205278407"
2024-10-02 10:00:00+00:00,197,0,"0,407355205278407","0,407355205278407","0,407355205278407"
2024-10-02 11:00:00+00:00,197,0,"0,407355205278407","0,407355205278407","0,407355205278407"
2024-10-02 12:00:00+00:00,197,0,"0,407355205278407","0,407355205278407","0,407355205278407"
2024-10-02 13:00:00+00:00,197,0,"0,407355205278407","0,407355205278407","0,407355205278407"
2024-10-02 14:00:00+00:00,197,0,"0,407355205278407","0,407355205278407","0,407355205278407"
2024-10-02 15:00:00+00:00,197,0,"0,407355205278407","0,407355205278407","0,407355205278407"
2024-10-02 16:00:00+00:00,197,0,"0,407355205278407","0,407355205278407","0,407355205278407"
2024-10-02 17:00:00+00:00,197,0,"0,407355205278407","0,407355205278407","0,407355205278407"
2024-10-02 18:00:00+00:00,197,0,"0,407355205278407","0,407355205278407","0,407355205278407"
2024-10-02 19:00:00+00:00,197,0,"0,407355205278407","0,407355205278407","0,407355205278407"
2024-10-02 20:00:00+00:00,197,0,"0,407355205278407","0,407355205278407","0,407355205278407"
2024-10-02 21:00:00+00:00,197,0,"0,407355205278407","0,407355205278407","0,407355205278407"
2024-10-02 22:00:00+00:00,197,0,"0,407355205278407","0,407355205278407","0,407355205278407"
2024-10-02 23:00:00+00:00,197,0,"0,407355205278407","0,407355205278407","0,407355205278407"
2024-10-01 00:00:00+00:00,198,0,,,
2024-10-01 01:00:00+00:00,198,0,"2,818,163,939,965,640",,
2024-10-01 02:00:00+00:00,198,0,"2,818,163,939,965,640",,
2024-10-01 03:00:00+00:00,198,0,"2,818,163,939,965,640",,"2,818,163,939,965,640"
2024-10-01 04:00:00+00:00,198,0,"2,818,163,939,965,640",,"2,818,163,939,965,640"
2024-10-01 05:00:00+00:00,198,0,"2,818,163,939,965,640",,"2,818,163,939,965,640"
2024-10-01 06:00:00+00:00,198,0,"2,818,163,939,965,640",,"2,818,163,939,965,640"
2024-10-01 07:00:00+00:00,198,0,"2,818,163,939,965,640",,"2,818,163,939,965,640"
2024-10-01 08:00:00+00:00,198,0,"2,818,163,939,965,640",,"2,818,163,939,965,640"
2024-10-01 09:00:00+00:00,198,0,"2,818,163,939,965,640",,"2,818,163,939,965,640"
2024-10-01 10:00:00+00:00,198,0,"2,818,163,939,965,640",,"2,818,163,939,965,640"
2024-10-01 11:00:00+00:00,198,0,"2,818,163,939,965,640",,"2,818,163,939,965,640"
2024-10-01 12:00:00+00:00,198,0,"2,818,163,939,965,640",,"2,818,163,939,965,640"
2024-10-01 13:00:00+00:00,198,0,"2,818,163,939,965,640",,"2,818,163,939,965,640"
2024-10-01 14:00:00+00:00,198,0,"2,818,163,939,965,640",,"2,818,163,939,965,640"
2024-10-01 15:00:00+00:00,198,0,"2,818,163,939,965,640",,"2,818,163,939,965,640"
2024-10-01 16:00:00+00:00,198,0,"2,818,163,939,965,640",,"2,818,163,939,965,640"
2024-10-01 17:00:00+00:00,198,0,"2,818,163,939,965,640",,"2,818,163,939,965,640"
2024-10-01 18:00:00+00:00,198,0,"2,818,163,939,965,640",,"2,818,163,939,965,640"
2024-10-01 19:00:00+00:00,198,0,"2,818,163,939,965,640",,"2,818,163,939,965,640"
2024-10-01 20:00:00+00:00,198,0,"2,818,163,939,965,640",,"2,818,163,939,965,640"
2024-10-01 21:00:00+00:00,198,0,"2,818,163,939,965,640",,"2,818,163,939,965,640"
2024-10-01 22:00:00+00:00,198,0,"2,818,163,939,965,640",,"2,818,163,939,965,640"
2024-10-01 23:00:00+00:00,198,0,"2,818,163,939,965,640",,"2,818,163,939,965,640"
2024-10-02 00:00:00+00:00,198,0,"2,818,163,939,965,640","2,818,163,939,965,640","2,818,163,939,965,640"
2024-10-02 01:00:00+00:00,198,0,"2,818,163,939,965,640","2,818,163,939,965,640","2,818,163,939,965,640"
2024-10-02 02:00:00+00:00,198,0,"2,818,163,939,965,640","2,818,163,939,965,640","2,818,163,939,965,640"
2024-10-02 03:00:00+00:00,198,0,"2,818,163,939,965,640","2,818,163,939,965,640","2,818,163,939,965,640"
2024-10-02 04:00:00+00:00,198,0,"2,818,163,939,965,640","2,818,163,939,965,640","2,818,163,939,965,640"
2024-10-02 05:00:00+00:00,198,0,"2,818,163,939,965,640","2,818,163,939,965,640","2,818,163,939,965,640"
2024-10-02 06:00:00+00:00,198,0,"2,818,163,939,965,640","2,818,163,939,965,640","2,818,163,939,965,640"
2024-10-02 07:00:00+00:00,198,0,"2,818,163,939,965,640","2,818,163,939,965,640","2,818,163,939,965,640"
2024-10-02 08:00:00+00:00,198,0,"2,818,163,939,965,640","2,818,163,939,965,640","2,818,163,939,965,640"
2024-10-02 09:00:00+00:00,198,0,"2,818,163,939,965,640","2,818,163,939,965,640","2,818,163,939,965,640"
2024-10-02 10:00:00+00:00,198,0,"2,818,163,939,965,640","2,818,163,939,965,640","2,818,163,939,965,640"
2024-10-02 11:00:00+00:00,198,0,"2,818,163,939,965,640","2,818,163,939,965,640","2,818,163,939,965,640"
2024-10-02 12:00:00+00:00,198,0,"2,818,163,939,965,640","2,818,163,939,965,640","2,818,163,939,965,640"
2024-10-02 13:00:00+00:00,198,0,"2,818,163,939,965,640","2,818,163,939,965,640","2,818,163,939,965,640"
2024-10-02 14:00:00+00:00,198,0,"2,818,163,939,965,640","2,818,163,939,965,640","2,818,163,939,965,640"
2024-10-02 15:00:00+00:00,198,0,"2,818,163,939,965,640","2,818,163,939,965,640","2,818,163,939,965,640"
2024-10-02 16:00:00+00:00,198,0,"2,818,163,939,965,640","2,818,163,939,965,640","2,818,163,939,965,640"
2024-10-02 17:00:00+00:00,198,0,"2,818,163,939,965,640","2,818,163,939,965,640","2,818,163,939,965,640"
2024-10-02 18:00:00+00:00,198,0,"2,818,163,939,965,640","2,818,163,939,965,640","2,818,163,939,965,640"
2024-10-02 19:00:00+00:00,198,0,"2,818,163,939,965,640","2,818,163,939,965,640","2,818,163,939,965,640"
2024-10-02 20:00:00+00:00,198,0,"2,818,163,939,965,640","2,818,163,939,965,640","2,818,163,939,965,640"
2024-10-02 21:00:00+00:00,198,0,"2,818,163,939,965,640","2,818,163,939,965,640","2,818,163,939,965,640"
2024-10-02 22:00:00+00:00,198,0,"2,818,163,939,965,640","2,818,163,939,965,640","2,818,163,939,965,640"
2024-10-02 23:00:00+00:00,198,0,"2,818,163,939,965,640","2,818,163,939,965,640","2,818,163,939,965,640"
2024-10-01 00:00:00+00:00,199,0,,,
2024-10-01 01:00:00+00:00,199,0,"0,11814199780562415",,
2024-10-01 02:00:00+00:00,199,0,"0,11814199780562415",,
2024-10-01 03:00:00+00:00,199,0,"0,11814199780562415",,"0,11814199780562415"
2024-10-01 04:00:00+00:00,199,0,"0,11814199780562415",,"0,11814199780562415"
2024-10-01 05:00:00+00:00,199,0,"0,11814199780562415",,"0,11814199780562415"
2024-10-01 06:00:00+00:00,199,0,"0,11814199780562415",,"0,11814199780562415"
2024-10-01 07:00:00+00:00,199,0,"0,11814199780562415",,"0,11814199780562415"
2024-10-01 08:00:00+00:00,199,0,"0,11814199780562415",,"0,11814199780562415"
2024-10-01 09:00:00+00:00,199,0,"0,11814199780562415",,"0,11814199780562415"
2024-10-01 10:00:00+00:00,199,0,"0,11814199780562415",,"0,11814199780562415"
2024-10-01 11:00:00+00:00,199,0,"0,11814199780562415",,"0,11814199780562415"
2024-10-01 12:00:00+00:00,199,0,"0,11814199780562415",,"0,11814199780562415"
2024-10-01 13:00:00+00:00,199,0,"0,11814199780562415",,"0,11814199780562415"
2024-10-01 14:00:00+00:00,199,0,"0,11814199780562415",,"0,11814199780562415"
2024-10-01 15:00:00+00:00,199,0,"0,11814199780562415",,"0,11814199780562415"
2024-10-01 16:00:00+00:00,199,0,"0,11814199780562415",,"0,11814199780562415"
2024-10-01 17:00:00+00:00,199,0,"0,11814199780562415",,"0,11814199780562415"
2024-10-01 18:00:00+00:00,199,0,"0,11814199780562415",,"0,11814199780562415"
2024-10-01 19:00:00+00:00,199,0,"0,11814199780562415",,"0,11814199780562415"
2024-10-01 20:00:00+00:00,199,0,"0,11814199780562415",,"0,11814199780562415"
2024-10-01 21:00:00+00:00,199,0,"0,11814199780562415",,"0,11814199780562415"
2024-10-01 22:00:00+00:00,199,0,"0,11814199780562415",,"0,11814199780562415"
2024-10-01 23:00:00+00:00,199,0,"0,11814199780562415",,"0,11814199780562415"
2024-10-02 00:00:00+00:00,199,0,"0,11814199780562415","0,11814199780562415","0,11814199780562415"
2024-10-02 01:00:00+00:00,199,0,"0,11814199780562415","0,11814199780562415","0,11814199780562415"
2024-10-02 02:00:00+00:00,199,0,"0,11814199780562415","0,11814199780562415","0,11814199780562415"
2024-10-02 03:00:00+00:00,199,0,"0,11814199780562415","0,11814199780562415","0,11814199780562415"
2024-10-02 04:00:00+00:00,199,0,"0,11814199780562415","0,11814199780562415","0,11814199780562415"
2024-10-02 05:00:00+00:00,199,0,"0,11814199780562415","0,11814199780562415","0,11814199780562415"
2024-10-02 06:00:00+00:00,199,0,"0,11814199780562415","0,11814199780562415","0,11814199780562415"
2024-10-02 07:00:00+00:00,199,0,"0,11814199780562415","0,11814199780562415","0,11814199780562415"
2024-10-02 08:00:00+00:00,199,0,"0,11814199780562415","0,11814199780562415","0,11814199780562415"
2024-10-02 09:00:00+00:00,199,0,"0,11814199780562415","0,11814199780562415","0,11814199780562415"
2024-10-02 10:00:00+00:00,199,0,"0,11814199780562415","0,11814199780562415","0,11814199780562415"
2024-10-02 11:00:00+00:00,199,0,"0,11814199780562415","0,11814199780562415","0,11814199780562415"
2024-10-02 12:00:00+00:00,199,0,"0,11814199780562415","0,11814199780562415","0,11814199780562415"
2024-10-02 13:00:00+00:00,199,0,"0,11814199780562415","0,11814199780562415","0,11814199780562415"
2024-10-02 14:00:00+00:00,199,0,"0,11814199780562415","0,11814199780562415","0,11814199780562415"
2024-10-02 15:00:00+00:00,199,0,"0,11814199780562415","0,11814199780562415","0,11814199780562415"
2024-10-02 16:00:00+00:00,199,0,"0,11814199780562415","0,11814199780562415","0,11814199780562415"
2024-10-02 17:00:00+00:00,199,0,"0,11814199780562415","0,11814199780562415","0,11814199780562415"
2024-10-02 18:00:00+00:00,199,0,"0,11814199780562415","0,11814199780562415","0,11814199780562415"
2024-10-02 19:00:00+00:00,199,0,"0,11814199780562415","0,11814199780562415","0,11814199780562415"
2024-10-02 20:00:00+00:00,199,0,"0,11814199780562415","0,11814199780562415","0,11814199780562415"
2024-10-02 21:00:00+00:00,199,0,"0,11814199780562415","0,11814199780562415","0,11814199780562415"
2024-10-02 22:00:00+00:00,199,0,"0,11814199780562415","0,11814199780562415","0,11814199780562415"
2024-10-02 23:00:00+00:00,199,0,"0,11814199780562415","0,11814199780562415","0,11814199780562415"
2024-10-01 00:00:00+00:00,200,0,,,
2024-10-01 01:00:00+00:00,200,0,"0,5028243770675456",,
2024-10-01 02:00:00+00:00,200,0,"0,5028243770675456",,
2024-10-01 03:00:00+00:00,200,0,"0,5028243770675456",,"0,5028243770675456"
2024-10-01 04:00:00+00:00,200,0,"0,5028243770675456",,"0,5028243770675456"
2024-10-01 05:00:00+00:00,200,0,"0,5028243770675456",,"0,5028243770675456"
2024-10-01 06:00:00+00:00,200,0,"0,5028243770675456",,"0,5028243770675456"
2024-10-01 07:00:00+00:00,200,0,"0,5028243770675456",,"0,5028243770675456"
2024-10-01 08:00:00+00:00,200,0,"0,5028243770675456",,"0,5028243770675456"
2024-10-01 09:00:00+00:00,200,0,"0,5028243770675456",,"0,5028243770675456"
2024-10-01 10:00:00+00:00,200,0,"0,5028243770675456",,"0,5028243770675456"
2024-10-01 11:00:00+00:00,200,0,"0,5028243770675456",,"0,5028243770675456"
2024-10-01 12:00:00+00:00,200,0,"0,5028243770675456",,"0,5028243770675456"
2024-10-01 13:00:00+00:00,200,0,"0,5028243770675456",,"0,5028243770675456"
2024-10-01 14:00:00+00:00,200,0,"0,5028243770675456",,"0,5028243770675456"
2024-10-01 15:00:00+00:00,200,0,"0,5028243770675456",,"0,5028243770675456"
2024-10-01 16:00:00+00:00,200,0,"0,5028243770675456",,"0,5028243770675456"
2024-10-01 17:00:00+00:00,200,0,"0,5028243770675456",,"0,5028243770675456"
2024-10-01 18:00:00+00:00,200,0,"0,5028243770675456",,"0,5028243770675456"
2024-10-01 19:00:00+00:00,200,0,"0,5028243770675456",,"0,5028243770675456"
2024-10-01 20:00:00+00:00,200,0,"0,5028243770675456",,"0,5028243770675456"
2024-10-01 21:00:00+00:00,200,0,"0,5028243770675456",,"0,5028243770675456"
2024-10-01 22:00:00+00:00,200,0,"0,5028243770675456",,"0,5028243770675456"
2024-10-01 23:00:00+00:00,200,0,"0,5028243770675456",,"0,5028243770675456"
2024-10-02 00:00:00+00:00,200,0,"0,5028243770675456","0,5028243770675456","0,5028243770675456"
2024-10-02 01:00:00+00:00,200,0,"0,5028243770675456","0,5028243770675456","0,5028243770675456"
2024-10-02 02:00:00+00:00,200,0,"0,5028243770675456","0,5028243770675456","0,5028243770675456"
2024-10-02 03:00:00+00:00,200,0,"0,5028243770675456","0,5028243770675456","0,5028243770675456"
2024-10-02 04:00:00+00:00,200,0,"0,5028243770675456","0,5028243770675456","0,5028243770675456"
2024-10-02 05:00:00+00:00,200,0,"0,5028243770675456","0,5028243770675456","0,5028243770675456"
2024-10-02 06:00:00+00:00,200,0,"0,5028243770675456","0,5028243770675456","0,5028243770675456"
2024-10-02 07:00:00+00:00,200,0,"0,5028243770675456","0,5028243770675456","0,5028243770675456"
2024-10-02 08:00:00+00:00,200,0,"0,5028243770675456","0,5028243770675456","0,5028243770675456"
2024-10-02 09:00:00+00:00,200,0,"0,5028243770675456","0,5028243770675456","0,5028243770675456"
2024-10-02 10:00:00+00:00,200,0,"0,5028243770675456","0,5028243770675456","0,5028243770675456"
2024-10-02 11:00:00+00:00,200,0,"0,5028243770675456","0,5028243770675456","0,5028243770675456"
2024-10-02 12:00:00+00:00,200,0,"0,5028243770675456","0,5028243770675456","0,5028243770675456"
2024-10-02 13:00:00+00:00,200,0,"0,5028243770675456","0,5028243770675456","0,5028243770675456"
2024-10-02 14:00:00+00:00,200,0,"0,5028243770675456","0,5028243770675456","0,5028243770675456"
2024-10-02 15:00:00+00:00,200,0,"0,5028243770675456","0,5028243770675456","0,5028243770675456"
2024-10-02 16:00:00+00:00,200,0,"0,5028243770675456","0,5028243770675456","0,5028243770675456"
2024-10-02 17:00:00+00:00,200,0,"0,5028243770675456","0,5028243770675456","0,5028243770675456"
2024-10-02 18:00:00+00:00,200,0,"0,5028243770675456","0,5028243770675456","0,5028243770675456"
2024-10-02 19:00:00+00:00,200,0,"0,5028243770675456","0,5028243770675456","0,5028243770675456"
2024-10-02 20:00:00+00:00,200,0,"0,5028243770675456","0,5028243770675456","0,5028243770675456"
2024-10-02 21:00:00+00:00,200,0,"0,5028243770675456","0,5028243770675456","0,5028243770675456"
2024-10-02 22:00:00+00:00,200,0,"0,5028243770675456","0,5028243770675456","0,5028243770675456"
2024-10-02 23:00:00+00:00,200,0,"0,5028243770675456","0,5028243770675456","0,5028243770675456"
2024-10-01 00:00:00+00:00,201,0,,,
2024-10-01 01:00:00+00:00,201,0,"0,10666938499715367",,
2024-10-01 02:00:00+00:00,201,0,"0,10666938499715367",,
2024-10-01 03:00:00+00:00,201,0,"0,10666938499715367",,"0,10666938499715367"
2024-10-01 04:00:00+00:00,201,0,"0,10666938499715367",,"0,10666938499715367"
2024-10-01 05:00:00+00:00,201,0,"0,10666938499715367",,"0,10666938499715367"
2024-10-01 06:00:00+00:00,201,0,"0,10666938499715367",,"0,10666938499715367"
2024-10-01 07:00:00+00:00,201,0,"0,10666938499715367",,"0,10666938499715367"
2024-10-01 08:00:00+00:00,201,0,"0,10666938499715367",,"0,10666938499715367"
2024-10-01 09:00:00+00:00,201,0,"0,10666938499715367",,"0,10666938499715367"
2024-10-01 10:00:00+00:00,201,0,"0,10666938499715367",,"0,10666938499715367"
2024-10-01 11:00:00+00:00,201,0,"0,10666938499715367",,"0,10666938499715367"
2024-10-01 12:00:00+00:00,201,0,"0,10666938499715367",,"0,10666938499715367"
2024-10-01 13:00:00+00:00,201,0,"0,10666938499715367",,"0,10666938499715367"
2024-10-01 14:00:00+00:00,201,0,"0,10666938499715367",,"0,10666938499715367"
2024-10-01 15:00:00+00:00,201,0,"0,10666938499715367",,"0,10666938499715367"
2024-10-01 16:00:00+00:00,201,0,"0,10666938499715367",,"0,10666938499715367"
2024-10-01 17:00:00+00:00,201,0,"0,10666938499715367",,"0,10666938499715367"
2024-10-01 18:00:00+00:00,201,0,"0,10666938499715367",,"0,10666938499715367"
2024-10-01 19:00:00+00:00,201,0,"0,10666938499715367",,"0,10666938499715367"
2024-10-01 20:00:00+00:00,201,0,"0,10666938499715367",,"0,10666938499715367"
2024-10-01 21:00:00+00:00,201,0,"0,10666938499715367",,"0,10666938499715367"
2024-10-01 22:00:00+00:00,201,0,"0,10666938499715367",,"0,10666938499715367"
2024-10-01 23:00:00+00:00,201,0,"0,10666938499715367",,"0,10666938499715367"
2024-10-02 00:00:00+00:00,201,0,"0,10666938499715367","0,10666938499715367","0,10666938499715367"
2024-10-02 01:00:00+00:00,201,0,"0,10666938499715367","0,10666938499715367","0,10666938499715367"
2024-10-02 02:00:00+00:00,201,0,"0,10666938499715367","0,10666938499715367","0,10666938499715367"
2024-10-02 03:00:00+00:00,201,0,"0,10666938499715367","0,10666938499715367","0,10666938499715367"
2024-10-02 04:00:00+00:00,201,0,"0,10666938499715367","0,10666938499715367","0,10666938499715367"
2024-10-02 05:00:00+00:00,201,0,"0,10666938499715367","0,10666938499715367","0,10666938499715367"
2024-10-02 06:00:00+00:00,201,0,"0,10666938499715367","0,10666938499715367","0,10666938499715367"
2024-10-02 07:00:00+00:00,201,0,"0,10666938499715367","0,10666938499715367","0,10666938499715367"
2024-10-02 08:00:00+00:00,201,0,"0,10666938499715367","0,10666938499715367","0,10666938499715367"
2024-10-02 09:00:00+00:00,201,0,"0,10666938499715367","0,10666938499715367","0,10666938499715367"
2024-10-02 10:00:00+00:00,201,0,"0,10666938499715367","0,10666938499715367","0,10666938499715367"
2024-10-02 11:00:00+00:00,201,0,"0,10666938499715367","0,10666938499715367","0,10666938499715367"
2024-10-02 12:00:00+00:00,201,0,"0,10666938499715367","0,10666938499715367","0,10666938499715367"
2024-10-02 13:00:00+00:00,201,0,"0,10666938499715367","0,10666938499715367","0,10666938499715367"
2024-10-02 14:00:00+00:00,201,0,"0,10666938499715367","0,10666938499715367","0,10666938499715367"
2024-10-02 15:00:00+00:00,201,0,"0,10666938499715367","0,10666938499715367","0,10666938499715367"
2024-10-02 16:00:00+00:00,201,0,"0,10666938499715367","0,10666938499715367","0,10666938499715367"
2024-10-02 17:00:00+00:00,201,0,"0,10666938499715367","0,10666938499715367","0,10666938499715367"
2024-10-02 18:00:00+00:00,201,0,"0,10666938499715367","0,10666938499715367","0,10666938499715367"
2024-10-02 19:00:00+00:00,201,0,"0,10666938499715367","0,10666938499715367","0,10666938499715367"
2024-10-02 20:00:00+00:00,201,0,"0,10666938499715367","0,10666938499715367","0,10666938499715367"
2024-10-02 21:00:00+00:00,201,0,"0,10666938499715367","0,10666938499715367","0,10666938499715367"
2024-10-02 22:00:00+00:00,201,0,"0,10666938499715367","0,10666938499715367","0,10666938499715367"
2024-10-02 23:00:00+00:00,201,0,"0,10666938499715367","0,10666938499715367","0,10666938499715367"
2024-10-01 00:00:00+00:00,213,0,,,
2024-10-01 01:00:00+00:00,213,0,"0,4747369846966059",,
2024-10-01 02:00:00+00:00,213,0,"0,4747369846966059",,
2024-10-01 03:00:00+00:00,213,0,"0,4747369846966059",,"0,4747369846966059"
2024-10-01 04:00:00+00:00,213,0,"0,4747369846966059",,"0,4747369846966059"
2024-10-01 05:00:00+00:00,213,0,"0,4747369846966059",,"0,4747369846966059"
2024-10-01 06:00:00+00:00,213,0,"0,4747369846966059",,"0,4747369846966059"
2024-10-01 07:00:00+00:00,213,0,"0,4747369846966059",,"0,4747369846966059"
2024-10-01 08:00:00+00:00,213,0,"0,4747369846966059",,"0,4747369846966059"
2024-10-01 09:00:00+00:00,213,0,"0,4747369846966059",,"0,4747369846966059"
2024-10-01 10:00:00+00:00,213,0,"0,4747369846966059",,"0,4747369846966059"
2024-10-01 11:00:00+00:00,213,0,"0,4747369846966059",,"0,4747369846966059"
2024-10-01 12:00:00+00:00,213,0,"0,4747369846966059",,"0,4747369846966059"
2024-10-01 13:00:00+00:00,213,0,"0,4747369846966059",,"0,4747369846966059"
2024-10-01 14:00:00+00:00,213,0,"0,4747369846966059",,"0,4747369846966059"
2024-10-01 15:00:00+00:00,213,0,"0,4747369846966059",,"0,4747369846966059"
2024-10-01 16:00:00+00:00,213,0,"0,4747369846966059",,"0,4747369846966059"
2024-10-01 17:00:00+00:00,213,0,"0,4747369846966059",,"0,4747369846966059"
2024-10-01 18:00:00+00:00,213,0,"0,4747369846966059",,"0,4747369846966059"
2024-10-01 19:00:00+00:00,213,0,"0,4747369846966059",,"0,4747369846966059"
2024-10-01 20:00:00+00:00,213,0,"0,4747369846966059",,"0,4747369846966059"
2024-10-01 21:00:00+00:00,213,0,"0,4747369846966059",,"0,4747369846966059"
2024-10-01 22:00:00+00:00,213,0,"0,4747369846966059",,"0,4747369846966059"
2024-10-01 23:00:00+00:00,213,0,"0,4747369846966059",,"0,4747369846966059"
2024-10-02 00:00:00+00:00,213,0,"0,4747369846966059","0,4747369846966059","0,4747369846966059"
2024-10-02 01:00:00+00:00,213,0,"0,4747369846966059","0,4747369846966059","0,4747369846966059"
2024-10-02 02:00:00+00:00,213,0,"0,4747369846966059","0,4747369846966059","0,4747369846966059"
2024-10-02 03:00:00+00:00,213,0,"0,4747369846966059","0,4747369846966059","0,4747369846966059"
2024-10-02 04:00:00+00:00,213,0,"0,4747369846966059","0,4747369846966059","0,4747369846966059"
2024-10-02 05:00:00+00:00,213,0,"0,4747369846966059","0,4747369846966059","0,4747369846966059"
2024-10-02 06:00:00+00:00,213,0,"0,4747369846966059","0,4747369846966059","0,4747369846966059"
2024-10-02 07:00:00+00:00,213,0,"0,4747369846966059","0,4747369846966059","0,4747369846966059"
2024-10-02 08:00:00+00:00,213,0,"0,4747369846966059","0,4747369846966059","0,4747369846966059"
2024-10-02 09:00:00+00:00,213,0,"0,4747369846966059","0,4747369846966059","0,4747369846966059"
2024-10-02 10:00:00+00:00,213,0,"0,4747369846966059","0,4747369846966059","0,4747369846966059"
2024-10-02 11:00:00+00:00,213,0,"0,4747369846966059","0,4747369846966059","0,4747369846966059"
2024-10-02 12:00:00+00:00,213,0,"0,4747369846966059","0,4747369846966059","0,4747369846966059"
2024-10-02 13:00:00+00:00,213,0,"0,4747369846966059","0,4747369846966059","0,4747369846966059"
2024-10-02 14:00:00+00:00,213,0,"0,4747369846966059","0,4747369846966059","0,4747369846966059"
2024-10-02 15:00:00+00:00,213,0,"0,4747369846966059","0,4747369846966059","0,4747369846966059"
2024-10-02 16:00:00+00:00,213,0,"0,4747369846966059","0,4747369846966059","0,4747369846966059"
2024-10-02 17:00:00+00:00,213,0,"0,4747369846966059","0,4747369846966059","0,4747369846966059"
2024-10-02 18:00:00+00:00,213,0,"0,4747369846966059","0,4747369846966059","0,4747369846966059"
2024-10-02 19:00:00+00:00,213,0,"0,4747369846966059","0,4747369846966059","0,4747369846966059"
2024-10-02 20:00:00+00:00,213,0,"0,4747369846966059","0,4747369846966059","0,4747369846966059"
2024-10-02 21:00:00+00:00,213,0,"0,4747369846966059","0,4747369846966059","0,4747369846966059"
2024-10-02 22:00:00+00:00,213,0,"0,4747369846966059","0,4747369846966059","0,4747369846966059"
2024-10-02 23:00:00+00:00,213,0,"0,4747369846966059","0,4747369846966059","0,4747369846966059"
2024-10-01 00:00:00+00:00,222,0,,,
2024-10-01 01:00:00+00:00,222,0,"0,3647459886732627",,
2024-10-01 02:00:00+00:00,222,0,"0,3647459886732627",,
2024-10-01 03:00:00+00:00,222,0,"0,3647459886732627",,"0,3647459886732627"
2024-10-01 04:00:00+00:00,222,0,"0,3647459886732627",,"0,3647459886732627"
2024-10-01 05:00:00+00:00,222,0,"0,3647459886732627",,"0,3647459886732627"
2024-10-01 06:00:00+00:00,222,0,"0,3647459886732627",,"0,3647459886732627"
2024-10-01 07:00:00+00:00,222,0,"0,3647459886732627",,"0,3647459886732627"
2024-10-01 08:00:00+00:00,222,0,"0,3647459886732627",,"0,3647459886732627"
2024-10-01 09:00:00+00:00,222,0,"0,3647459886732627",,"0,3647459886732627"
2024-10-01 10:00:00+00:00,222,0,"0,3647459886732627",,"0,3647459886732627"
2024-10-01 11:00:00+00:00,222,0,"0,3647459886732627",,"0,3647459886732627"
2024-10-01 12:00:00+00:00,222,0,"0,3647459886732627",,"0,3647459886732627"
2024-10-01 13:00:00+00:00,222,0,"0,3647459886732627",,"0,3647459886732627"
2024-10-01 14:00:00+00:00,222,0,"0,3647459886732627",,"0,3647459886732627"
2024-10-01 15:00:00+00:00,222,0,"0,3647459886732627",,"0,3647459886732627"
2024-10-01 16:00:00+00:00,222,0,"0,3647459886732627",,"0,3647459886732627"
2024-10-01 17:00:00+00:00,222,0,"0,3647459886732627",,"0,3647459886732627"
2024-10-01 18:00:00+00:00,222,0,"0,3647459886732627",,"0,3647459886732627"
2024-10-01 19:00:00+00:00,222,0,"0,3647459886732627",,"0,3647459886732627"
2024-10-01 20:00:00+00:00,222,0,"0,3647459886732627",,"0,3647459886732627"
2024-10-01 21:00:00+00:00,222,0,"0,3647459886732627",,"0,3647459886732627"
2024-10-01 22:00:00+00:00,222,0,"0,3647459886732627",,"0,3647459886732627"
2024-10-01 23:00:00+00:00,222,0,"0,3647459886732627",,"0,3647459886732627"
2024-10-02 00:00:00+00:00,222,0,"0,3647459886732627","0,3647459886732627","0,3647459886732627"
2024-10-02 01:00:00+00:00,222,0,"0,3647459886732627","0,3647459886732627","0,3647459886732627"
2024-10-02 02:00:00+00:00,222,0,"0,3647459886732627","0,3647459886732627","0,3647459886732627"
2024-10-02 03:00:00+00:00,222,0,"0,3647459886732627","0,3647459886732627","0,3647459886732627"
2024-10-02 04:00:00+00:00,222,0,"0,3647459886732627","0,3647459886732627","0,3647459886732627"
2024-10-02 05:00:00+00:00,222,0,"0,3647459886732627","0,3647459886732627","0,3647459886732627"
2024-10-02 06:00:00+00:00,222,0,"0,3647459886732627","0,3647459886732627","0,3647459886732627"
2024-10-02 07:00:00+00:00,222,0,"0,3647459886732627","0,3647459886732627","0,3647459886732627"
2024-10-02 08:00:00+00:00,222,0,"0,3647459886732627","0,3647459886732627","0,3647459886732627"
2024-10-02 09:00:00+00:00,222,0,"0,3647459886732627","0,3647459886732627","0,3647459886732627"
2024-10-02 10:00:00+00:00,222,0,"0,3647459886732627","0,3647459886732627","0,3647459886732627"
2024-10-02 11:00:00+00:00,222,0,"0,3647459886732627","0,3647459886732627","0,3647459886732627"
2024-10-02 12:00:00+00:00,222,0,"0,3647459886732627","0,3647459886732627","0,3647459886732627"
2024-10-02 13:00:00+00:00,222,0,"0,3647459886732627","0,3647459886732627","0,3647459886732627"
2024-10-02 14:00:00+00:00,222,0,"0,3647459886732627","0,3647459886732627","0,3647459886732627"
2024-10-02 15:00:00+00:00,222,0,"0,3647459886732627","0,3647459886732627","0,3647459886732627"
2024-10-02 16:00:00+00:00,222,0,"0,3647459886732627","0,3647459886732627","0,3647459886732627"
2024-10-02 17:00:00+00:00,222,0,"0,3647459886732627","0,3647459886732627","0,3647459886732627"
2024-10-02 18:00:00+00:00,222,0,"0,3647459886732627","0,3647459886732627","0,3647459886732627"
2024-10-02 19:00:00+00:00,222,0,"0,3647459886732627","0,3647459886732627","0,3647459886732627"
2024-10-02 20:00:00+00:00,222,0,"0,3647459886732627","0,3647459886732627","0,3647459886732627"
2024-10-02 21:00:00+00:00,222,0,"0,3647459886732627","0,3647459886732627","0,3647459886732627"
2024-10-02 22:00:00+00:00,222,0,"0,3647459886732627","0,3647459886732627","0,3647459886732627"
2024-10-02 23:00:00+00:00,222,0,"0,3647459886732627","0,3647459886732627","0,3647459886732627"
2024-10-01 00:00:00+00:00,225,0,,,
2024-10-01 01:00:00+00:00,225,0,"0,3164295695898494",,
2024-10-01 02:00:00+00:00,225,0,"0,3164295695898494",,
2024-10-01 03:00:00+00:00,225,0,"0,3164295695898494",,"0,3164295695898494"
2024-10-01 04:00:00+00:00,225,0,"0,3164295695898494",,"0,3164295695898494"
2024-10-01 05:00:00+00:00,225,0,"0,3164295695898494",,"0,3164295695898494"
2024-10-01 06:00:00+00:00,225,0,"0,3164295695898494",,"0,3164295695898494"
2024-10-01 07:00:00+00:00,225,0,"0,3164295695898494",,"0,3164295695898494"
2024-10-01 08:00:00+00:00,225,0,"0,3164295695898494",,"0,3164295695898494"
2024-10-01 09:00:00+00:00,225,0,"0,3164295695898494",,"0,3164295695898494"
2024-10-01 10:00:00+00:00,225,0,"0,3164295695898494",,"0,3164295695898494"
2024-10-01 11:00:00+00:00,225,0,"0,3164295695898494",,"0,3164295695898494"
2024-10-01 12:00:00+00:00,225,0,"0,3164295695898494",,"0,3164295695898494"
2024-10-01 13:00:00+00:00,225,0,"0,3164295695898494",,"0,3164295695898494"
2024-10-01 14:00:00+00:00,225,0,"0,3164295695898494",,"0,3164295695898494"
2024-10-01 15:00:00+00:00,225,0,"0,3164295695898494",,"0,3164295695898494"
2024-10-01 16:00:00+00:00,225,0,"0,3164295695898494",,"0,3164295695898494"
2024-10-01 17:00:00+00:00,225,0,"0,3164295695898494",,"0,3164295695898494"
2024-10-01 18:00:00+00:00,225,0,"0,3164295695898494",,"0,3164295695898494"
2024-10-01 19:00:00+00:00,225,0,"0,3164295695898494",,"0,3164295695898494"
2024-10-01 20:00:00+00:00,225,0,"0,3164295695898494",,"0,3164295695898494"
2024-10-01 21:00:00+00:00,225,0,"0,3164295695898494",,"0,3164295695898494"
2024-10-01 22:00:00+00:00,225,0,"0,3164295695898494",,"0,3164295695898494"
2024-10-01 23:00:00+00:00,225,0,"0,3164295695898494",,"0,3164295695898494"
2024-10-02 00:00:00+00:00,225,0,"0,3164295695898494","0,3164295695898494","0,3164295695898494"
2024-10-02 01:00:00+00:00,225,0,"0,3164295695898494","0,3164295695898494","0,3164295695898494"
2024-10-02 02:00:00+00:00,225,0,"0,3164295695898494","0,3164295695898494","0,3164295695898494"
2024-10-02 03:00:00+00:00,225,0,"0,3164295695898494","0,3164295695898494","0,3164295695898494"
2024-10-02 04:00:00+00:00,225,0,"0,3164295695898494","0,3164295695898494","0,3164295695898494"
2024-10-02 05:00:00+00:00,225,0,"0,3164295695898494","0,3164295695898494","0,3164295695898494"
2024-10-02 06:00:00+00:00,225,0,"0,3164295695898494","0,3164295695898494","0,3164295695898494"
2024-10-02 07:00:00+00:00,225,0,"0,3164295695898494","0,3164295695898494","0,3164295695898494"
2024-10-02 08:00:00+00:00,225,0,"0,3164295695898494","0,3164295695898494","0,3164295695898494"
2024-10-02 09:00:00+00:00,225,0,"0,3164295695898494","0,3164295695898494","0,3164295695898494"
2024-10-02 10:00:00+00:00,225,0,"0,3164295695898494","0,3164295695898494","0,3164295695898494"
2024-10-02 11:00:00+00:00,225,0,"0,3164295695898494","0,3164295695898494","0,3164295695898494"
2024-10-02 12:00:00+00:00,225,0,"0,3164295695898494","0,3164295695898494","0,3164295695898494"
2024-10-02 13:00:00+00:00,225,0,"0,3164295695898494","0,3164295695898494","0,3164295695898494"
2024-10-02 14:00:00+00:00,225,0,"0,3164295695898494","0,3164295695898494","0,3164295695898494"
2024-10-02 15:00:00+00:00,225,0,"0,3164295695898494","0,3164295695898494","0,3164295695898494"
2024-10-02 16:00:00+00:00,225,0,"0,3164295695898494","0,3164295695898494","0,3164295695898494"
2024-10-02 17:00:00+00:00,225,0,"0,3164295695898494","0,3164295695898494","0,3164295695898494"
2024-10-02 18:00:00+00:00,225,0,"0,3164295695898494","0,3164295695898494","0,3164295695898494"
2024-10-02 19:00:00+00:00,225,0,"0,3164295695898494","0,3164295695898494","0,3164295695898494"
2024-10-02 20:00:00+00:00,225,0,"0,3164295695898494","0,3164295695898494","0,3164295695898494"
2024-10-02 21:00:00+00:00,225,0,"0,3164295695898494","0,3164295695898494","0,3164295695898494"
2024-10-02 22:00:00+00:00,225,0,"0,3164295695898494","0,3164295695898494","0,3164295695898494"
2024-10-02 23:00:00+00:00,225,0,"0,3164295695898494","0,3164295695898494","0,3164295695898494"
2024-10-01 00:00:00+00:00,231,0,,,
2024-10-01 01:00:00+00:00,231,0,"0,10800807082792024",,
2024-10-01 02:00:00+00:00,231,0,"0,10800807082792024",,
2024-10-01 03:00:00+00:00,231,0,"0,10800807082792024",,"0,10800807082792024"
2024-10-01 04:00:00+00:00,231,0,"0,10800807082792024",,"0,10800807082792024"
2024-10-01 05:00:00+00:00,231,0,"0,10800807082792024",,"0,10800807082792024"
2024-10-01 06:00:00+00:00,231,0,"0,10800807082792024",,"0,10800807082792024"
2024-10-01 07:00:00+00:00,231,0,"0,10800807082792024",,"0,10800807082792024"
2024-10-01 08:00:00+00:00,231,0,"0,10800807082792024",,"0,10800807082792024"
2024-10-01 09:00:00+00:00,231,0,"0,10800807082792024",,"0,10800807082792024"
2024-10-01 10:00:00+00:00,231,0,"0,10800807082792024",,"0,10800807082792024"
2024-10-01 11:00:00+00:00,231,0,"0,10800807082792024",,"0,10800807082792024"
2024-10-01 12:00:00+00:00,231,0,"0,10800807082792024",,"0,10800807082792024"
2024-10-01 13:00:00+00:00,231,0,"0,10800807082792024",,"0,10800807082792024"
2024-10-01 14:00:00+00:00,231,0,"0,10800807082792024",,"0,10800807082792024"
2024-10-01 15:00:00+00:00,231,0,"0,10800807082792024",,"0,10800807082792024"
2024-10-01 16:00:00+00:00,231,0,"0,10800807082792024",,"0,10800807082792024"
2024-10-01 17:00:00+00:00,231,0,"0,10800807082792024",,"0,10800807082792024"
2024-10-01 18:00:00+00:00,231,0,"0,10800807082792024",,"0,10800807082792024"
2024-10-01 19:00:00+00:00,231,0,"0,10800807082792024",,"0,10800807082792024"
2024-10-01 20:00:00+00:00,231,0,"0,10800807082792024",,"0,10800807082792024"
2024-10-01 21:00:00+00:00,231,0,"0,10800807082792024",,"0,10800807082792024"
2024-10-01 22:00:00+00:00,231,0,"0,10800807082792024",,"0,10800807082792024"
2024-10-01 23:00:00+00:00,231,0,"0,10800807082792024",,"0,10800807082792024"
2024-10-02 00:00:00+00:00,231,0,"0,10800807082792024","0,10800807082792024","0,10800807082792024"
2024-10-02 01:00:00+00:00,231,0,"0,10800807082792024","0,10800807082792024","0,10800807082792024"
2024-10-02 02:00:00+00:00,231,0,"0,10800807082792024","0,10800807082792024","0,10800807082792024"
2024-10-02 03:00:00+00:00,231,0,"0,10800807082792024","0,10800807082792024","0,10800807082792024"
2024-10-02 04:00:00+00:00,231,0,"0,10800807082792024","0,10800807082792024","0,10800807082792024"
2024-10-02 05:00:00+00:00,231,0,"0,10800807082792024","0,10800807082792024","0,10800807082792024"
2024-10-02 06:00:00+00:00,231,0,"0,10800807082792024","0,10800807082792024","0,10800807082792024"
2024-10-02 07:00:00+00:00,231,0,"0,10800807082792024","0,10800807082792024","0,10800807082792024"
2024-10-02 08:00:00+00:00,231,0,"0,10800807082792024","0,10800807082792024","0,10800807082792024"
2024-10-02 09:00:00+00:00,231,0,"0,10800807082792024","0,10800807082792024","0,10800807082792024"
2024-10-02 10:00:00+00:00,231,0,"0,10800807082792024","0,10800807082792024","0,10800807082792024"
2024-10-02 11:00:00+00:00,231,0,"0,10800807082792024","0,10800807082792024","0,10800807082792024"
2024-10-02 12:00:00+00:00,231,0,"0,10800807082792024","0,10800807082792024","0,10800807082792024"
2024-10-02 13:00:00+00:00,231,0,"0,10800807082792024","0,10800807082792024","0,10800807082792024"
2024-10-02 14:00:00+00:00,231,0,"0,10800807082792024","0,10800807082792024","0,10800807082792024"
2024-10-02 15:00:00+00:00,231,0,"0,10800807082792024","0,10800807082792024","0,10800807082792024"
2024-10-02 16:00:00+00:00,231,0,"0,10800807082792024","0,10800807082792024","0,10800807082792024"
2024-10-02 17:00:00+00:00,231,0,"0,10800807082792024","0,10800807082792024","0,10800807082792024"
2024-10-02 18:00:00+00:00,231,0,"0,10800807082792024","0,10800807082792024","0,10800807082792024"
2024-10-02 19:00:00+00:00,231,0,"0,10800807082792024","0,10800807082792024","0,10800807082792024"
2024-10-02 20:00:00+00:00,231,0,"0,10800807082792024","0,10800807082792024","0,10800807082792024"
2024-10-02 21:00:00+00:00,231,0,"0,10800807082792024","0,10800807082792024","0,10800807082792024"
2024-10-02 22:00:00+00:00,231,0,"0,10800807082792024","0,10800807082792024","0,10800807082792024"
2024-10-02 23:00:00+00:00,231,0,"0,10800807082792024","0,10800807082792024","0,10800807082792024"
2024-10-01 00:00:00+00:00,233,0,,,
2024-10-01 01:00:00+00:00,233,0,"2,395,865,080,896,730",,
2024-10-01 02:00:00+00:00,233,0,"2,395,865,080,896,730",,
2024-10-01 03:00:00+00:00,233,0,"2,395,865,080,896,730",,"2,395,865,080,896,730"
2024-10-01 04:00:00+00:00,233,0,"2,395,865,080,896,730",,"2,395,865,080,896,730"
2024-10-01 05:00:00+00:00,233,0,"2,395,865,080,896,730",,"2,395,865,080,896,730"
2024-10-01 06:00:00+00:00,233,0,"2,395,865,080,896,730",,"2,395,865,080,896,730"
2024-10-01 07:00:00+00:00,233,0,"2,395,865,080,896,730",,"2,395,865,080,896,730"
2024-10-01 08:00:00+00:00,233,0,"2,395,865,080,896,730",,"2,395,865,080,896,730"
2024-10-01 09:00:00+00:00,233,0,"2,395,865,080,896,730",,"2,395,865,080,896,730"
2024-10-01 10:00:00+00:00,233,0,"2,395,865,080,896,730",,"2,395,865,080,896,730"
2024-10-01 11:00:00+00:00,233,0,"2,395,865,080,896,730",,"2,395,865,080,896,730"
2024-10-01 12:00:00+00:00,233,0,"2,395,865,080,896,730",,"2,395,865,080,896,730"
2024-10-01 13:00:00+00:00,233,0,"2,395,865,080,896,730",,"2,395,865,080,896,730"
2024-10-01 14:00:00+00:00,233,0,"2,395,865,080,896,730",,"2,395,865,080,896,730"
2024-10-01 15:00:00+00:00,233,0,"2,395,865,080,896,730",,"2,395,865,080,896,730"
2024-10-01 16:00:00+00:00,233,0,"2,395,865,080,896,730",,"2,395,865,080,896,730"
2024-10-01 17:00:00+00:00,233,0,"2,395,865,080,896,730",,"2,395,865,080,896,730"
2024-10-01 18:00:00+00:00,233,0,"2,395,865,080,896,730",,"2,395,865,080,896,730"
2024-10-01 19:00:00+00:00,233,0,"2,395,865,080,896,730",,"2,395,865,080,896,730"
2024-10-01 20:00:00+00:00,233,0,"2,395,865,080,896,730",,"2,395,865,080,896,730"
2024-10-01 21:00:00+00:00,233,0,"2,395,865,080,896,730",,"2,395,865,080,896,730"
2024-10-01 22:00:00+00:00,233,0,"2,395,865,080,896,730",,"2,395,865,080,896,730"
2024-10-01 23:00:00+00:00,233,0,"2,395,865,080,896,730",,"2,395,865,080,896,730"
2024-10-02 00:00:00+00:00,233,0,"2,395,865,080,896,730","2,395,865,080,896,730","2,395,865,080,896,730"
2024-10-02 01:00:00+00:00,233,0,"2,395,865,080,896,730","2,395,865,080,896,730","2,395,865,080,896,730"
2024-10-02 02:00:00+00:00,233,0,"2,395,865,080,896,730","2,395,865,080,896,730","2,395,865,080,896,730"
2024-10-02 03:00:00+00:00,233,0,"2,395,865,080,896,730","2,395,865,080,896,730","2,395,865,080,896,730"
2024-10-02 04:00:00+00:00,233,0,"2,395,865,080,896,730","2,395,865,080,896,730","2,395,865,080,896,730"
2024-10-02 05:00:00+00:00,233,0,"2,395,865,080,896,730","2,395,865,080,896,730","2,395,865,080,896,730"
2024-10-02 06:00:00+00:00,233,0,"2,395,865,080,896,730","2,395,865,080,896,730","2,395,865,080,896,730"
2024-10-02 07:00:00+00:00,233,0,"2,395,865,080,896,730","2,395,865,080,896,730","2,395,865,080,896,730"
2024-10-02 08:00:00+00:00,233,0,"2,395,865,080,896,730","2,395,865,080,896,730","2,395,865,080,896,730"
2024-10-02 09:00:00+00:00,233,0,"2,395,865,080,896,730","2,395,865,080,896,730","2,395,865,080,896,730"
2024-10-02 10:00:00+00:00,233,0,"2,395,865,080,896,730","2,395,865,080,896,730","2,395,865,080,896,730"
2024-10-02 11:00:00+00:00,233,0,"2,395,865,080,896,730","2,395,865,080,896,730","2,395,865,080,896,730"
2024-10-02 12:00:00+00:00,233,0,"2,395,865,080,896,730","2,395,865,080,896,730","2,395,865,080,896,730"
2024-10-02 13:00:00+00:00,233,0,"2,395,865,080,896,730","2,395,865,080,896,730","2,395,865,080,896,730"
2024-10-02 14:00:00+00:00,233,0,"2,395,865,080,896,730","2,395,865,080,896,730","2,395,865,080,896,730"
2024-10-02 15:00:00+00:00,233,0,"2,395,865,080,896,730","2,395,865,080,896,730","2,395,865,080,896,730"
2024-10-02 16:00:00+00:00,233,0,"2,395,865,080,896,730","2,395,865,080,896,730","2,395,865,080,896,730"
2024-10-02 17:00:00+00:00,233,0,"2,395,865,080,896,730","2,395,865,080,896,730","2,395,865,080,896,730"
2024-10-02 18:00:00+00:00,233,0,"2,395,865,080,896,730","2,395,865,080,896,730","2,395,865,080,896,730"
2024-10-02 19:00:00+00:00,233,0,"2,395,865,080,896,730","2,395,865,080,896,730","2,395,865,080,896,730"
2024-10-02 20:00:00+00:00,233,0,"2,395,865,080,896,730","2,395,865,080,896,730","2,395,865,080,896,730"
2024-10-02 21:00:00+00:00,233,0,"2,395,865,080,896,730","2,395,865,080,896,730","2,395,865,080,896,730"
2024-10-02 22:00:00+00:00,233,0,"2,395,865,080,896,730","2,395,865,080,896,730","2,395,865,080,896,730"
2024-10-02 23:00:00+00:00,233,0,"2,395,865,080,896,730","2,395,865,080,896,730","2,395,865,080,896,730"
2024-10-01 00:00:00+00:00,234,0,,,
2024-10-01 01:00:00+00:00,234,0,"0,1127098161313015",,
2024-10-01 02:00:00+00:00,234,0,"0,1127098161313015",,
2024-10-01 03:00:00+00:00,234,0,"0,1127098161313015",,"0,1127098161313015"
2024-10-01 04:00:00+00:00,234,0,"0,1127098161313015",,"0,1127098161313015"
2024-10-01 05:00:00+00:00,234,0,"0,1127098161313015",,"0,1127098161313015"
2024-10-01 06:00:00+00:00,234,0,"0,1127098161313015",,"0,1127098161313015"
2024-10-01 07:00:00+00:00,234,0,"0,1127098161313015",,"0,1127098161313015"
2024-10-01 08:00:00+00:00,234,0,"0,1127098161313015",,"0,1127098161313015"
2024-10-01 09:00:00+00:00,234,0,"0,1127098161313015",,"0,1127098161313015"
2024-10-01 10:00:00+00:00,234,0,"0,1127098161313015",,"0,1127098161313015"
2024-10-01 11:00:00+00:00,234,0,"0,1127098161313015",,"0,1127098161313015"
2024-10-01 12:00:00+00:00,234,0,"0,1127098161313015",,"0,1127098161313015"
2024-10-01 13:00:00+00:00,234,0,"0,1127098161313015",,"0,1127098161313015"
2024-10-01 14:00:00+00:00,234,0,"0,1127098161313015",,"0,1127098161313015"
2024-10-01 15:00:00+00:00,234,0,"0,1127098161313015",,"0,1127098161313015"
2024-10-01 16:00:00+00:00,234,0,"0,1127098161313015",,"0,1127098161313015"
2024-10-01 17:00:00+00:00,234,0,"0,1127098161313015",,"0,1127098161313015"
2024-10-01 18:00:00+00:00,234,0,"0,1127098161313015",,"0,1127098161313015"
2024-10-01 19:00:00+00:00,234,0,"0,1127098161313015",,"0,1127098161313015"
2024-10-01 20:00:00+00:00,234,0,"0,1127098161313015",,"0,1127098161313015"
2024-10-01 21:00:00+00:00,234,0,"0,1127098161313015",,"0,1127098161313015"
2024-10-01 22:00:00+00:00,234,0,"0,1127098161313015",,"0,1127098161313015"
2024-10-01 23:00:00+00:00,234,0,"0,1127098161313015",,"0,1127098161313015"
2024-10-02 00:00:00+00:00,234,0,"0,1127098161313015","0,1127098161313015","0,1127098161313015"
2024-10-02 01:00:00+00:00,234,0,"0,1127098161313015","0,1127098161313015","0,1127098161313015"
2024-10-02 02:00:00+00:00,234,0,"0,1127098161313015","0,1127098161313015","0,1127098161313015"
2024-10-02 03:00:00+00:00,234,0,"0,1127098161313015","0,1127098161313015","0,1127098161313015"
2024-10-02 04:00:00+00:00,234,0,"0,1127098161313015","0,1127098161313015","0,1127098161313015"
2024-10-02 05:00:00+00:00,234,0,"0,1127098161313015","0,1127098161313015","0,1127098161313015"
2024-10-02 06:00:00+00:00,234,0,"0,1127098161313015","0,1127098161313015","0,1127098161313015"
2024-10-02 07:00:00+00:00,234,0,"0,1127098161313015","0,1127098161313015","0,1127098161313015"
2024-10-02 08:00:00+00:00,234,0,"0,1127098161313015","0,1127098161313015","0,1127098161313015"
2024-10-02 09:00:00+00:00,234,0,"0,1127098161313015","0,1127098161313015","0,1127098161313015"
2024-10-02 10:00:00+00:00,234,0,"0,1127098161313015","0,1127098161313015","0,1127098161313015"
2024-10-02 11:00:00+00:00,234,0,"0,1127098161313015","0,1127098161313015","0,1127098161313015"
2024-10-02 12:00:00+00:00,234,0,"0,1127098161313015","0,1127098161313015","0,1127098161313015"
2024-10-02 13:00:00+00:00,234,0,"0,1127098161313015","0,1127098161313015","0,1127098161313015"
2024-10-02 14:00:00+00:00,234,0,"0,1127098161313015","0,1127098161313015","0,1127098161313015"
2024-10-02 15:00:00+00:00,234,0,"0,1127098161313015","0,1127098161313015","0,1127098161313015"
2024-10-02 16:00:00+00:00,234,0,"0,1127098161313015","0,1127098161313015","0,1127098161313015"
2024-10-02 17:00:00+00:00,234,0,"0,1127098161313015","0,1127098161313015","0,1127098161313015"
2024-10-02 18:00:00+00:00,234,0,"0,1127098161313015","0,1127098161313015","0,1127098161313015"
2024-10-02 19:00:00+00:00,234,0,"0,1127098161313015","0,1127098161313015","0,1127098161313015"
2024-10-02 20:00:00+00:00,234,0,"0,1127098161313015","0,1127098161313015","0,1127098161313015"
2024-10-02 21:00:00+00:00,234,0,"0,1127098161313015","0,1127098161313015","0,1127098161313015"
2024-10-02 22:00:00+00:00,234,0,"0,1127098161313015","0,1127098161313015","0,1127098161313015"
2024-10-02 23:00:00+00:00,234,0,"0,1127098161313015","0,1127098161313015","0,1127098161313015"
2024-10-01 00:00:00+00:00,235,0,,,
2024-10-01 01:00:00+00:00,235,0,"0,6826029883164907",,
2024-10-01 02:00:00+00:00,235,0,"0,6826029883164907",,
2024-10-01 03:00:00+00:00,235,0,"0,6826029883164907",,"0,6826029883164907"
2024-10-01 04:00:00+00:00,235,0,"0,6826029883164907",,"0,6826029883164907"
2024-10-01 05:00:00+00:00,235,0,"0,6826029883164907",,"0,6826029883164907"
2024-10-01 06:00:00+00:00,235,0,"0,6826029883164907",,"0,6826029883164907"
2024-10-01 07:00:00+00:00,235,0,"0,6826029883164907",,"0,6826029883164907"
2024-10-01 08:00:00+00:00,235,0,"0,6826029883164907",,"0,6826029883164907"
2024-10-01 09:00:00+00:00,235,0,"0,6826029883164907",,"0,6826029883164907"
2024-10-01 10:00:00+00:00,235,0,"0,6826029883164907",,"0,6826029883164907"
2024-10-01 11:00:00+00:00,235,0,"0,6826029883164907",,"0,6826029883164907"
2024-10-01 12:00:00+00:00,235,0,"0,6826029883164907",,"0,6826029883164907"
2024-10-01 13:00:00+00:00,235,0,"0,6826029883164907",,"0,6826029883164907"
2024-10-01 14:00:00+00:00,235,0,"0,6826029883164907",,"0,6826029883164907"
2024-10-01 15:00:00+00:00,235,0,"0,6826029883164907",,"0,6826029883164907"
2024-10-01 16:00:00+00:00,235,0,"0,6826029883164907",,"0,6826029883164907"
2024-10-01 17:00:00+00:00,235,0,"0,6826029883164907",,"0,6826029883164907"
2024-10-01 18:00:00+00:00,235,0,"0,6826029883164907",,"0,6826029883164907"
2024-10-01 19:00:00+00:00,235,0,"0,6826029883164907",,"0,6826029883164907"
2024-10-01 20:00:00+00:00,235,0,"0,6826029883164907",,"0,6826029883164907"
2024-10-01 21:00:00+00:00,235,0,"0,6826029883164907",,"0,6826029883164907"
2024-10-01 22:00:00+00:00,235,0,"0,6826029883164907",,"0,6826029883164907"
2024-10-01 23:00:00+00:00,235,0,"0,6826029883164907",,"0,6826029883164907"
2024-10-02 00:00:00+00:00,235,0,"0,6826029883164907","0,6826029883164907","0,6826029883164907"
2024-10-02 01:00:00+00:00,235,0,"0,6826029883164907","0,6826029883164907","0,6826029883164907"
2024-10-02 02:00:00+00:00,235,0,"0,6826029883164907","0,6826029883164907","0,6826029883164907"
2024-10-02 03:00:00+00:00,235,0,"0,6826029883164907","0,6826029883164907","0,6826029883164907"
2024-10-02 04:00:00+00:00,235,0,"0,6826029883164907","0,6826029883164907","0,6826029883164907"
2024-10-02 05:00:00+00:00,235,0,"0,6826029883164907","0,6826029883164907","0,6826029883164907"
2024-10-02 06:00:00+00:00,235,0,"0,6826029883164907","0,6826029883164907","0,6826029883164907"
2024-10-02 07:00:00+00:00,235,0,"0,6826029883164907","0,6826029883164907","0,6826029883164907"
2024-10-02 08:00:00+00:00,235,0,"0,6826029883164907","0,6826029883164907","0,6826029883164907"
2024-10-02 09:00:00+00:00,235,0,"0,6826029883164907","0,6826029883164907","0,6826029883164907"
2024-10-02 10:00:00+00:00,235,0,"0,6826029883164907","0,6826029883164907","0,6826029883164907"
2024-10-02 11:00:00+00:00,235,0,"0,6826029883164907","0,6826029883164907","0,6826029883164907"
2024-10-02 12:00:00+00:00,235,0,"0,6826029883164907","0,6826029883164907","0,6826029883164907"
2024-10-02 13:00:00+00:00,235,0,"0,6826029883164907","0,6826029883164907","0,6826029883164907"
2024-10-02 14:00:00+00:00,235,0,"0,6826029883164907","0,6826029883164907","0,6826029883164907"
2024-10-02 15:00:00+00:00,235,0,"0,6826029883164907","0,6826029883164907","0,6826029883164907"
2024-10-02 16:00:00+00:00,235,0,"0,6826029883164907","0,6826029883164907","0,6826029883164907"
2024-10-02 17:00:00+00:00,235,0,"0,6826029883164907","0,6826029883164907","0,6826029883164907"
2024-10-02 18:00:00+00:00,235,0,"0,6826029883164907","0,6826029883164907","0,6826029883164907"
2024-10-02 19:00:00+00:00,235,0,"0,6826029883164907","0,6826029883164907","0,6826029883164907"
2024-10-02 20:00:00+00:00,235,0,"0,6826029883164907","0,6826029883164907","0,6826029883164907"
2024-10-02 21:00:00+00:00,235,0,"0,6826029883164907","0,6826029883164907","0,6826029883164907"
2024-10-02 22:00:00+00:00,235,0,"0,6826029883164907","0,6826029883164907","0,6826029883164907"
2024-10-02 23:00:00+00:00,235,0,"0,6826029883164907","0,6826029883164907","0,6826029883164907"
2024-10-01 00:00:00+00:00,237,0,,,
2024-10-01 01:00:00+00:00,237,0,"0,07381193699787912",,
2024-10-01 02:00:00+00:00,237,0,"0,07381193699787912",,
2024-10-01 03:00:00+00:00,237,0,"0,07381193699787912",,"0,07381193699787912"
2024-10-01 04:00:00+00:00,237,0,"0,07381193699787912",,"0,07381193699787912"
2024-10-01 05:00:00+00:00,237,0,"0,07381193699787912",,"0,07381193699787912"
2024-10-01 06:00:00+00:00,237,0,"0,07381193699787912",,"0,07381193699787912"
2024-10-01 07:00:00+00:00,237,0,"0,07381193699787912",,"0,07381193699787912"
2024-10-01 08:00:00+00:00,237,0,"0,07381193699787912",,"0,07381193699787912"
2024-10-01 09:00:00+00:00,237,0,"0,07381193699787912",,"0,07381193699787912"
2024-10-01 10:00:00+00:00,237,0,"0,07381193699787912",,"0,07381193699787912"
2024-10-01 11:00:00+00:00,237,0,"0,07381193699787912",,"0,07381193699787912"
2024-10-01 12:00:00+00:00,237,0,"0,07381193699787912",,"0,07381193699787912"
2024-10-01 13:00:00+00:00,237,0,"0,07381193699787912",,"0,07381193699787912"
2024-10-01 14:00:00+00:00,237,0,"0,07381193699787912",,"0,07381193699787912"
2024-10-01 15:00:00+00:00,237,0,"0,07381193699787912",,"0,07381193699787912"
2024-10-01 16:00:00+00:00,237,0,"0,07381193699787912",,"0,07381193699787912"
2024-10-01 17:00:00+00:00,237,0,"0,07381193699787912",,"0,07381193699787912"
2024-10-01 18:00:00+00:00,237,0,"0,07381193699787912",,"0,07381193699787912"
2024-10-01 19:00:00+00:00,237,0,"0,07381193699787912",,"0,07381193699787912"
2024-10-01 20:00:00+00:00,237,0,"0,07381193699787912",,"0,07381193699787912"
2024-10-01 21:00:00+00:00,237,0,"0,07381193699787912",,"0,07381193699787912"
2024-10-01 22:00:00+00:00,237,0,"0,07381193699787912",,"0,07381193699787912"
2024-10-01 23:00:00+00:00,237,0,"0,07381193699787912",,"0,07381193699787912"
2024-10-02 00:00:00+00:00,237,0,"0,07381193699787912","0,07381193699787912","0,07381193699787912"
2024-10-02 01:00:00+00:00,237,0,"0,07381193699787912","0,07381193699787912","0,07381193699787912"
2024-10-02 02:00:00+00:00,237,0,"0,07381193699787912","0,07381193699787912","0,07381193699787912"
2024-10-02 03:00:00+00:00,237,0,"0,07381193699787912","0,07381193699787912","0,07381193699787912"
2024-10-02 04:00:00+00:00,237,0,"0,07381193699787912","0,07381193699787912","0,07381193699787912"
2024-10-02 05:00:00+00:00,237,0,"0,07381193699787912","0,07381193699787912","0,07381193699787912"
2024-10-02 06:00:00+00:00,237,0,"0,07381193699787912","0,07381193699787912","0,07381193699787912"
2024-10-02 07:00:00+00:00,237,0,"0,07381193699787912","0,07381193699787912","0,07381193699787912"
2024-10-02 08:00:00+00:00,237,0,"0,07381193699787912","0,07381193699787912","0,07381193699787912"
2024-10-02 09:00:00+00:00,237,0,"0,07381193699787912","0,07381193699787912","0,07381193699787912"
2024-10-02 10:00:00+00:00,237,0,"0,07381193699787912","0,07381193699787912","0,07381193699787912"
2024-10-02 11:00:00+00:00,237,0,"0,07381193699787912","0,07381193699787912","0,07381193699787912"
2024-10-02 12:00:00+00:00,237,0,"0,07381193699787912","0,07381193699787912","0,07381193699787912"
2024-10-02 13:00:00+00:00,237,0,"0,07381193699787912","0,07381193699787912","0,07381193699787912"
2024-10-02 14:00:00+00:00,237,0,"0,07381193699787912","0,07381193699787912","0,07381193699787912"
2024-10-02 15:00:00+00:00,237,0,"0,07381193699787912","0,07381193699787912","0,07381193699787912"
2024-10-02 16:00:00+00:00,237,0,"0,07381193699787912","0,07381193699787912","0,07381193699787912"
2024-10-02 17:00:00+00:00,237,0,"0,07381193699787912","0,07381193699787912","0,07381193699787912"
2024-10-02 18:00:00+00:00,237,0,"0,07381193699787912","0,07381193699787912","0,07381193699787912"
2024-10-02 19:00:00+00:00,237,0,"0,07381193699787912","0,07381193699787912","0,07381193699787912"
2024-10-02 20:00:00+00:00,237,0,"0,07381193699787912","0,07381193699787912","0,07381193699787912"
2024-10-02 21:00:00+00:00,237,0,"0,07381193699787912","0,07381193699787912","0,07381193699787912"
2024-10-02 22:00:00+00:00,237,0,"0,07381193699787912","0,07381193699787912","0,07381193699787912"
2024-10-02 23:00:00+00:00,237,0,"0,07381193699787912","0,07381193699787912","0,07381193699787912"
2024-10-01 00:00:00+00:00,238,0,,,
2024-10-01 01:00:00+00:00,238,0,"0,5261967095840562",,
2024-10-01 02:00:00+00:00,238,0,"0,5261967095840562",,
2024-10-01 03:00:00+00:00,238,0,"0,5261967095840562",,"0,5261967095840562"
2024-10-01 04:00:00+00:00,238,0,"0,5261967095840562",,"0,5261967095840562"
2024-10-01 05:00:00+00:00,238,0,"0,5261967095840562",,"0,5261967095840562"
2024-10-01 06:00:00+00:00,238,0,"0,5261967095840562",,"0,5261967095840562"
2024-10-01 07:00:00+00:00,238,0,"0,5261967095840562",,"0,5261967095840562"
2024-10-01 08:00:00+00:00,238,0,"0,5261967095840562",,"0,5261967095840562"
2024-10-01 09:00:00+00:00,238,0,"0,5261967095840562",,"0,5261967095840562"
2024-10-01 10:00:00+00:00,238,0,"0,5261967095840562",,"0,5261967095840562"
2024-10-01 11:00:00+00:00,238,0,"0,5261967095840562",,"0,5261967095840562"
2024-10-01 12:00:00+00:00,238,0,"0,5261967095840562",,"0,5261967095840562"
2024-10-01 13:00:00+00:00,238,0,"0,5261967095840562",,"0,5261967095840562"
2024-10-01 14:00:00+00:00,238,0,"0,5261967095840562",,"0,5261967095840562"
2024-10-01 15:00:00+00:00,238,0,"0,5261967095840562",,"0,5261967095840562"
2024-10-01 16:00:00+00:00,238,0,"0,5261967095840562",,"0,5261967095840562"
2024-10-01 17:00:00+00:00,238,0,"0,5261967095840562",,"0,5261967095840562"
2024-10-01 18:00:00+00:00,238,0,"0,5261967095840562",,"0,5261967095840562"
2024-10-01 19:00:00+00:00,238,0,"0,5261967095840562",,"0,5261967095840562"
2024-10-01 20:00:00+00:00,238,0,"0,5261967095840562",,"0,5261967095840562"
2024-10-01 21:00:00+00:00,238,0,"0,5261967095840562",,"0,5261967095840562"
2024-10-01 22:00:00+00:00,238,0,"0,5261967095840562",,"0,5261967095840562"
2024-10-01 23:00:00+00:00,238,0,"0,5261967095840562",,"0,5261967095840562"
2024-10-02 00:00:00+00:00,238,0,"0,5261967095840562","0,5261967095840562","0,5261967095840562"
2024-10-02 01:00:00+00:00,238,0,"0,5261967095840562","0,5261967095840562","0,5261967095840562"
2024-10-02 02:00:00+00:00,238,0,"0,5261967095840562","0,5261967095840562","0,5261967095840562"
2024-10-02 03:00:00+00:00,238,0,"0,5261967095840562","0,5261967095840562","0,5261967095840562"
2024-10-02 04:00:00+00:00,238,0,"0,5261967095840562","0,5261967095840562","0,5261967095840562"
2024-10-02 05:00:00+00:00,238,0,"0,5261967095840562","0,5261967095840562","0,5261967095840562"
2024-10-02 06:00:00+00:00,238,0,"0,5261967095840562","0,5261967095840562","0,5261967095840562"
2024-10-02 07:00:00+00:00,238,0,"0,5261967095840562","0,5261967095840562","0,5261967095840562"
2024-10-02 08:00:00+00:00,238,0,"0,5261967095840562","0,5261967095840562","0,5261967095840562"
2024-10-02 09:00:00+00:00,238,0,"0,5261967095840562","0,5261967095840562","0,5261967095840562"
2024-10-02 10:00:00+00:00,238,0,"0,5261967095840562","0,5261967095840562","0,5261967095840562"
2024-10-02 11:00:00+00:00,238,0,"0,5261967095840562","0,5261967095840562","0,5261967095840562"
2024-10-02 12:00:00+00:00,238,0,"0,5261967095840562","0,5261967095840562","0,5261967095840562"
2024-10-02 13:00:00+00:00,238,0,"0,5261967095840562","0,5261967095840562","0,5261967095840562"
2024-10-02 14:00:00+00:00,238,0,"0,5261967095840562","0,5261967095840562","0,5261967095840562"
2024-10-02 15:00:00+00:00,238,0,"0,5261967095840562","0,5261967095840562","0,5261967095840562"
2024-10-02 16:00:00+00:00,238,0,"0,5261967095840562","0,5261967095840562","0,5261967095840562"
2024-10-02 17:00:00+00:00,238,0,"0,5261967095840562","0,5261967095840562","0,5261967095840562"
2024-10-02 18:00:00+00:00,238,0,"0,5261967095840562","0,5261967095840562","0,5261967095840562"
2024-10-02 19:00:00+00:00,238,0,"0,5261967095840562","0,5261967095840562","0,5261967095840562"
2024-10-02 20:00:00+00:00,238,0,"0,5261967095840562","0,5261967095840562","0,5261967095840562"
2024-10-02 21:00:00+00:00,238,0,"0,5261967095840562","0,5261967095840562","0,5261967095840562"
2024-10-02 22:00:00+00:00,238,0,"0,5261967095840562","0,5261967095840562","0,5261967095840562"
2024-10-02 23:00:00+00:00,238,0,"0,5261967095840562","0,5261967095840562","0,5261967095840562"
2024-10-01 00:00:00+00:00,270,0,,,
2024-10-01 01:00:00+00:00,270,0,"0,10432254381773051",,
2024-10-01 02:00:00+00:00,270,0,"0,10432254381773051",,
2024-10-01 03:00:00+00:00,270,0,"0,10432254381773051",,"0,10432254381773051"
2024-10-01 04:00:00+00:00,270,0,"0,10432254381773051",,"0,10432254381773051"
2024-10-01 05:00:00+00:00,270,0,"0,10432254381773051",,"0,10432254381773051"
2024-10-01 06:00:00+00:00,270,0,"0,10432254381773051",,"0,10432254381773051"
2024-10-01 07:00:00+00:00,270,0,"0,10432254381773051",,"0,10432254381773051"
2024-10-01 08:00:00+00:00,270,0,"0,10432254381773051",,"0,10432254381773051"
2024-10-01 09:00:00+00:00,270,0,"0,10432254381773051",,"0,10432254381773051"
2024-10-01 10:00:00+00:00,270,0,"0,10432254381773051",,"0,10432254381773051"
2024-10-01 11:00:00+00:00,270,0,"0,10432254381773051",,"0,10432254381773051"
2024-10-01 12:00:00+00:00,270,0,"0,10432254381773051",,"0,10432254381773051"
2024-10-01 13:00:00+00:00,270,0,"0,10432254381773051",,"0,10432254381773051"
2024-10-01 14:00:00+00:00,270,0,"0,10432254381773051",,"0,10432254381773051"
2024-10-01 15:00:00+00:00,270,0,"0,10432254381773051",,"0,10432254381773051"
2024-10-01 16:00:00+00:00,270,0,"0,10432254381773051",,"0,10432254381773051"
2024-10-01 17:00:00+00:00,270,0,"0,10432254381773051",,"0,10432254381773051"
2024-10-01 18:00:00+00:00,270,0,"0,10432254381773051",,"0,10432254381773051"
2024-10-01 19:00:00+00:00,270,0,"0,10432254381773051",,"0,10432254381773051"
2024-10-01 20:00:00+00:00,270,0,"0,10432254381773051",,"0,10432254381773051"
2024-10-01 21:00:00+00:00,270,0,"0,10432254381773051",,"0,10432254381773051"
2024-10-01 22:00:00+00:00,270,0,"0,10432254381773051",,"0,10432254381773051"
2024-10-01 23:00:00+00:00,270,0,"0,10432254381773051",,"0,10432254381773051"
2024-10-02 00:00:00+00:00,270,0,"0,10432254381773051","0,10432254381773051","0,10432254381773051"
2024-10-02 01:00:00+00:00,270,0,"0,10432254381773051","0,10432254381773051","0,10432254381773051"
2024-10-02 02:00:00+00:00,270,0,"0,10432254381773051","0,10432254381773051","0,10432254381773051"
2024-10-02 03:00:00+00:00,270,0,"0,10432254381773051","0,10432254381773051","0,10432254381773051"
2024-10-02 04:00:00+00:00,270,0,"0,10432254381773051","0,10432254381773051","0,10432254381773051"
2024-10-02 05:00:00+00:00,270,0,"0,10432254381773051","0,10432254381773051","0,10432254381773051"
2024-10-02 06:00:00+00:00,270,0,"0,10432254381773051","0,10432254381773051","0,10432254381773051"
2024-10-02 07:00:00+00:00,270,0,"0,10432254381773051","0,10432254381773051","0,10432254381773051"
2024-10-02 08:00:00+00:00,270,0,"0,10432254381773051","0,10432254381773051","0,10432254381773051"
2024-10-02 09:00:00+00:00,270,0,"0,10432254381773051","0,10432254381773051","0,10432254381773051"
2024-10-02 10:00:00+00:00,270,0,"0,10432254381773051","0,10432254381773051","0,10432254381773051"
2024-10-02 11:00:00+00:00,270,0,"0,10432254381773051","0,10432254381773051","0,10432254381773051"
2024-10-02 12:00:00+00:00,270,0,"0,10432254381773051","0,10432254381773051","0,10432254381773051"
2024-10-02 13:00:00+00:00,270,0,"0,10432254381773051","0,10432254381773051","0,10432254381773051"
2024-10-02 14:00:00+00:00,270,0,"0,10432254381773051","0,10432254381773051","0,10432254381773051"
2024-10-02 15:00:00+00:00,270,0,"0,10432254381773051","0,10432254381773051","0,10432254381773051"
2024-10-02 16:00:00+00:00,270,0,"0,10432254381773051","0,10432254381773051","0,10432254381773051"
2024-10-02 17:00:00+00:00,270,0,"0,10432254381773051","0,10432254381773051","0,10432254381773051"
2024-10-02 18:00:00+00:00,270,0,"0,10432254381773051","0,10432254381773051","0,10432254381773051"
2024-10-02 19:00:00+00:00,270,0,"0,10432254381773051","0,10432254381773051","0,10432254381773051"
2024-10-02 20:00:00+00:00,270,0,"0,10432254381773051","0,10432254381773051","0,10432254381773051"
2024-10-02 21:00:00+00:00,270,0,"0,10432254381773051","0,10432254381773051","0,10432254381773051"
2024-10-02 22:00:00+00:00,270,0,"0,10432254381773051","0,10432254381773051","0,10432254381773051"
2024-10-02 23:00:00+00:00,270,0,"0,10432254381773051","0,10432254381773051","0,10432254381773051"
2024-10-01 00:00:00+00:00,271,0,,,
2024-10-01 01:00:00+00:00,271,0,"0,5476029897352509",,
2024-10-01 02:00:00+00:00,271,0,"0,5476029897352509",,
2024-10-01 03:00:00+00:00,271,0,"0,5476029897352509",,"0,5476029897352509"
2024-10-01 04:00:00+00:00,271,0,"0,5476029897352509",,"0,5476029897352509"
2024-10-01 05:00:00+00:00,271,0,"0,5476029897352509",,"0,5476029897352509"
2024-10-01 06:00:00+00:00,271,0,"0,5476029897352509",,"0,5476029897352509"
2024-10-01 07:00:00+00:00,271,0,"0,5476029897352509",,"0,5476029897352509"
2024-10-01 08:00:00+00:00,271,0,"0,5476029897352509",,"0,5476029897352509"
2024-10-01 09:00:00+00:00,271,0,"0,5476029897352509",,"0,5476029897352509"
2024-10-01 10:00:00+00:00,271,0,"0,5476029897352509",,"0,5476029897352509"
2024-10-01 11:00:00+00:00,271,0,"0,5476029897352509",,"0,5476029897352509"
2024-10-01 12:00:00+00:00,271,0,"0,5476029897352509",,"0,5476029897352509"
2024-10-01 13:00:00+00:00,271,0,"0,5476029897352509",,"0,5476029897352509"
2024-10-01 14:00:00+00:00,271,0,"0,5476029897352509",,"0,5476029897352509"
2024-10-01 15:00:00+00:00,271,0,"0,5476029897352509",,"0,5476029897352509"
2024-10-01 16:00:00+00:00,271,0,"0,5476029897352509",,"0,5476029897352509"
2024-10-01 17:00:00+00:00,271,0,"0,5476029897352509",,"0,5476029897352509"
2024-10-01 18:00:00+00:00,271,0,"0,5476029897352509",,"0,5476029897352509"
2024-10-01 19:00:00+00:00,271,0,"0,5476029897352509",,"0,5476029897352509"
2024-10-01 20:00:00+00:00,271,0,"0,5476029897352509",,"0,5476029897352509"
2024-10-01 21:00:00+00:00,271,0,"0,5476029897352509",,"0,5476029897352509"
2024-10-01 22:00:00+00:00,271,0,"0,5476029897352509",,"0,5476029897352509"
2024-10-01 23:00:00+00:00,271,0,"0,5476029897352509",,"0,5476029897352509"
2024-10-02 00:00:00+00:00,271,0,"0,5476029897352509","0,5476029897352509","0,5476029897352509"
2024-10-02 01:00:00+00:00,271,0,"0,5476029897352509","0,5476029897352509","0,5476029897352509"
2024-10-02 02:00:00+00:00,271,0,"0,5476029897352509","0,5476029897352509","0,5476029897352509"
2024-10-02 03:00:00+00:00,271,0,"0,5476029897352509","0,5476029897352509","0,5476029897352509"
2024-10-02 04:00:00+00:00,271,0,"0,5476029897352509","0,5476029897352509","0,5476029897352509"
2024-10-02 05:00:00+00:00,271,0,"0,5476029897352509","0,5476029897352509","0,5476029897352509"
2024-10-02 06:00:00+00:00,271,0,"0,5476029897352509","0,5476029897352509","0,5476029897352509"
2024-10-02 07:00:00+00:00,271,0,"0,5476029897352509","0,5476029897352509","0,5476029897352509"
2024-10-02 08:00:00+00:00,271,0,"0,5476029897352509","0,5476029897352509","0,5476029897352509"
2024-10-02 09:00:00+00:00,271,0,"0,5476029897352509","0,5476029897352509","0,5476029897352509"
2024-10-02 10:00:00+00:00,271,0,"0,5476029897352509","0,5476029897352509","0,5476029897352509"
2024-10-02 11:00:00+00:00,271,0,"0,5476029897352509","0,5476029897352509","0,5476029897352509"
2024-10-02 12:00:00+00:00,271,0,"0,5476029897352509","0,5476029897352509","0,5476029897352509"
2024-10-02 13:00:00+00:00,271,0,"0,5476029897352509","0,5476029897352509","0,5476029897352509"
2024-10-02 14:00:00+00:00,271,0,"0,5476029897352509","0,5476029897352509","0,5476029897352509"
2024-10-02 15:00:00+00:00,271,0,"0,5476029897352509","0,5476029897352509","0,5476029897352509"
2024-10-02 16:00:00+00:00,271,0,"0,5476029897352509","0,5476029897352509","0,5476029897352509"
2024-10-02 17:00:00+00:00,271,0,"0,5476029897352509","0,5476029897352509","0,5476029897352509"
2024-10-02 18:00:00+00:00,271,0,"0,5476029897352509","0,5476029897352509","0,5476029897352509"
2024-10-02 19:00:00+00:00,271,0,"0,5476029897352509","0,5476029897352509","0,5476029897352509"
2024-10-02 20:00:00+00:00,271,0,"0,5476029897352509","0,5476029897352509","0,5476029897352509"
2024-10-02 21:00:00+00:00,271,0,"0,5476029897352509","0,5476029897352509","0,5476029897352509"
2024-10-02 22:00:00+00:00,271,0,"0,5476029897352509","0,5476029897352509","0,5476029897352509"
2024-10-02 23:00:00+00:00,271,0,"0,5476029897352509","0,5476029897352509","0,5476029897352509"
2024-10-01 00:00:00+00:00,295,0,,,
2024-10-01 01:00:00+00:00,295,0,"0,23672385831309975",,
2024-10-01 02:00:00+00:00,295,0,"0,23672385831309975",,
2024-10-01 03:00:00+00:00,295,0,"0,23672385831309975",,"0,23672385831309975"
2024-10-01 04:00:00+00:00,295,0,"0,23672385831309975",,"0,23672385831309975"
2024-10-01 05:00:00+00:00,295,0,"0,23672385831309975",,"0,23672385831309975"
2024-10-01 06:00:00+00:00,295,0,"0,23672385831309975",,"0,23672385831309975"
2024-10-01 07:00:00+00:00,295,0,"0,23672385831309975",,"0,23672385831309975"
2024-10-01 08:00:00+00:00,295,0,"0,23672385831309975",,"0,23672385831309975"
2024-10-01 09:00:00+00:00,295,0,"0,23672385831309975",,"0,23672385831309975"
2024-10-01 10:00:00+00:00,295,0,"0,23672385831309975",,"0,23672385831309975"
2024-10-01 11:00:00+00:00,295,0,"0,23672385831309975",,"0,23672385831309975"
2024-10-01 12:00:00+00:00,295,0,"0,23672385831309975",,"0,23672385831309975"
2024-10-01 13:00:00+00:00,295,0,"0,23672385831309975",,"0,23672385831309975"
2024-10-01 14:00:00+00:00,295,0,"0,23672385831309975",,"0,23672385831309975"
2024-10-01 15:00:00+00:00,295,0,"0,23672385831309975",,"0,23672385831309975"
2024-10-01 16:00:00+00:00,295,0,"0,23672385831309975",,"0,23672385831309975"
2024-10-01 17:00:00+00:00,295,0,"0,23672385831309975",,"0,23672385831309975"
2024-10-01 18:00:00+00:00,295,0,"0,23672385831309975",,"0,23672385831309975"
2024-10-01 19:00:00+00:00,295,0,"0,23672385831309975",,"0,23672385831309975"
2024-10-01 20:00:00+00:00,295,0,"0,23672385831309975",,"0,23672385831309975"
2024-10-01 21:00:00+00:00,295,0,"0,23672385831309975",,"0,23672385831309975"
2024-10-01 22:00:00+00:00,295,0,"0,23672385831309975",,"0,23672385831309975"
2024-10-01 23:00:00+00:00,295,0,"0,23672385831309975",,"0,23672385831309975"
2024-10-02 00:00:00+00:00,295,0,"0,23672385831309975","0,23672385831309975","0,23672385831309975"
2024-10-02 01:00:00+00:00,295,0,"0,23672385831309975","0,23672385831309975","0,23672385831309975"
2024-10-02 02:00:00+00:00,295,0,"0,23672385831309975","0,23672385831309975","0,23672385831309975"
2024-10-02 03:00:00+00:00,295,0,"0,23672385831309975","0,23672385831309975","0,23672385831309975"
2024-10-02 04:00:00+00:00,295,0,"0,23672385831309975","0,23672385831309975","0,23672385831309975"
2024-10-02 05:00:00+00:00,295,0,"0,23672385831309975","0,23672385831309975","0,23672385831309975"
2024-10-02 06:00:00+00:00,295,0,"0,23672385831309975","0,23672385831309975","0,23672385831309975"
2024-10-02 07:00:00+00:00,295,0,"0,23672385831309975","0,23672385831309975","0,23672385831309975"
2024-10-02 08:00:00+00:00,295,0,"0,23672385831309975","0,23672385831309975","0,23672385831309975"
2024-10-02 09:00:00+00:00,295,0,"0,23672385831309975","0,23672385831309975","0,23672385831309975"
2024-10-02 10:00:00+00:00,295,0,"0,23672385831309975","0,23672385831309975","0,23672385831309975"
2024-10-02 11:00:00+00:00,295,0,"0,23672385831309975","0,23672385831309975","0,23672385831309975"
2024-10-02 12:00:00+00:00,295,0,"0,23672385831309975","0,23672385831309975","0,23672385831309975"
2024-10-02 13:00:00+00:00,295,0,"0,23672385831309975","0,23672385831309975","0,23672385831309975"
2024-10-02 14:00:00+00:00,295,0,"0,23672385831309975","0,23672385831309975","0,23672385831309975"
2024-10-02 15:00:00+00:00,295,0,"0,23672385831309975","0,23672385831309975","0,23672385831309975"
2024-10-02 16:00:00+00:00,295,0,"0,23672385831309975","0,23672385831309975","0,23672385831309975"
2024-10-02 17:00:00+00:00,295,0,"0,23672385831309975","0,23672385831309975","0,23672385831309975"
2024-10-02 18:00:00+00:00,295,0,"0,23672385831309975","0,23672385831309975","0,23672385831309975"
2024-10-02 19:00:00+00:00,295,0,"0,23672385831309975","0,23672385831309975","0,23672385831309975"
2024-10-02 20:00:00+00:00,295,0,"0,23672385831309975","0,23672385831309975","0,23672385831309975"
2024-10-02 21:00:00+00:00,295,0,"0,23672385831309975","0,23672385831309975","0,23672385831309975"
2024-10-02 22:00:00+00:00,295,0,"0,23672385831309975","0,23672385831309975","0,23672385831309975"
2024-10-02 23:00:00+00:00,295,0,"0,23672385831309975","0,23672385831309975","0,23672385831309975"
2024-10-01 00:00:00+00:00,298,0,,,
2024-10-01 01:00:00+00:00,298,0,"0,10395821991806961",,
2024-10-01 02:00:00+00:00,298,0,"0,10395821991806961",,
2024-10-01 03:00:00+00:00,298,0,"0,10395821991806961",,"0,10395821991806961"
2024-10-01 04:00:00+00:00,298,0,"0,10395821991806961",,"0,10395821991806961"
2024-10-01 05:00:00+00:00,298,0,"0,10395821991806961",,"0,10395821991806961"
2024-10-01 06:00:00+00:00,298,0,"0,10395821991806961",,"0,10395821991806961"
2024-10-01 07:00:00+00:00,298,0,"0,10395821991806961",,"0,10395821991806961"
2024-10-01 08:00:00+00:00,298,0,"0,10395821991806961",,"0,10395821991806961"
2024-10-01 09:00:00+00:00,298,0,"0,10395821991806961",,"0,10395821991806961"
2024-10-01 10:00:00+00:00,298,0,"0,10395821991806961",,"0,10395821991806961"
2024-10-01 11:00:00+00:00,298,0,"0,10395821991806961",,"0,10395821991806961"
2024-10-01 12:00:00+00:00,298,0,"0,10395821991806961",,"0,10395821991806961"
2024-10-01 13:00:00+00:00,298,0,"0,10395821991806961",,"0,10395821991806961"
2024-10-01 14:00:00+00:00,298,0,"0,10395821991806961",,"0,10395821991806961"
2024-10-01 15:00:00+00:00,298,0,"0,10395821991806961",,"0,10395821991806961"
2024-10-01 16:00:00+00:00,298,0,"0,10395821991806961",,"0,10395821991806961"
2024-10-01 17:00:00+00:00,298,0,"0,10395821991806961",,"0,10395821991806961"
2024-10-01 18:00:00+00:00,298,0,"0,10395821991806961",,"0,10395821991806961"
2024-10-01 19:00:00+00:00,298,0,"0,10395821991806961",,"0,10395821991806961"
2024-10-01 20:00:00+00:00,298,0,"0,10395821991806961",,"0,10395821991806961"
2024-10-01 21:00:00+00:00,298,0,"0,10395821991806961",,"0,10395821991806961"
2024-10-01 22:00:00+00:00,298,0,"0,10395821991806961",,"0,10395821991806961"
2024-10-01 23:00:00+00:00,298,0,"0,10395821991806961",,"0,10395821991806961"
2024-10-02 00:00:00+00:00,298,0,"0,10395821991806961","0,10395821991806961","0,10395821991806961"
2024-10-02 01:00:00+00:00,298,0,"0,10395821991806961","0,10395821991806961","0,10395821991806961"
2024-10-02 02:00:00+00:00,298,0,"0,10395821991806961","0,10395821991806961","0,10395821991806961"
2024-10-02 03:00:00+00:00,298,0,"0,10395821991806961","0,10395821991806961","0,10395821991806961"
2024-10-02 04:00:00+00:00,298,0,"0,10395821991806961","0,10395821991806961","0,10395821991806961"
2024-10-02 05:00:00+00:00,298,0,"0,10395821991806961","0,10395821991806961","0,10395821991806961"
2024-10-02 06:00:00+00:00,298,0,"0,10395821991806961","0,10395821991806961","0,10395821991806961"
2024-10-02 07:00:00+00:00,298,0,"0,10395821991806961","0,10395821991806961","0,10395821991806961"
2024-10-02 08:00:00+00:00,298,0,"0,10395821991806961","0,10395821991806961","0,10395821991806961"
2024-10-02 09:00:00+00:00,298,0,"0,10395821991806961","0,10395821991806961","0,10395821991806961"
2024-10-02 10:00:00+00:00,298,0,"0,10395821991806961","0,10395821991806961","0,10395821991806961"
2024-10-02 11:00:00+00:00,298,0,"0,10395821991806961","0,10395821991806961","0,10395821991806961"
2024-10-02 12:00:00+00:00,298,0,"0,10395821991806961","0,10395821991806961","0,10395821991806961"
2024-10-02 13:00:00+00:00,298,0,"0,10395821991806961","0,10395821991806961","0,10395821991806961"
2024-10-02 14:00:00+00:00,298,0,"0,10395821991806961","0,10395821991806961","0,10395821991806961"
2024-10-02 15:00:00+00:00,298,0,"0,10395821991806961","0,10395821991806961","0,10395821991806961"
2024-10-02 16:00:00+00:00,298,0,"0,10395821991806961","0,10395821991806961","0,10395821991806961"
2024-10-02 17:00:00+00:00,298,0,"0,10395821991806961","0,10395821991806961","0,10395821991806961"
2024-10-02 18:00:00+00:00,298,0,"0,10395821991806961","0,10395821991806961","0,10395821991806961"
2024-10-02 19:00:00+00:00,298,0,"0,10395821991806961","0,10395821991806961","0,10395821991806961"
2024-10-02 20:00:00+00:00,298,0,"0,10395821991806961","0,10395821991806961","0,10395821991806961"
2024-10-02 21:00:00+00:00,298,0,"0,10395821991806961","0,10395821991806961","0,10395821991806961"
2024-10-02 22:00:00+00:00,298,0,"0,10395821991806961","0,10395821991806961","0,10395821991806961"
2024-10-02 23:00:00+00:00,298,0,"0,10395821991806961","0,10395821991806961","0,10395821991806961"
2024-10-01 00:00:00+00:00,301,0,,,
2024-10-01 01:00:00+00:00,301,0,"0,11045413554814763",,
2024-10-01 02:00:00+00:00,301,0,"0,11045413554814763",,
2024-10-01 03:00:00+00:00,301,0,"0,11045413554814763",,"0,11045413554814763"
2024-10-01 04:00:00+00:00,301,0,"0,11045413554814763",,"0,11045413554814763"
2024-10-01 05:00:00+00:00,301,0,"0,11045413554814763",,"0,11045413554814763"
2024-10-01 06:00:00+00:00,301,0,"0,11045413554814763",,"0,11045413554814763"
2024-10-01 07:00:00+00:00,301,0,"0,11045413554814763",,"0,11045413554814763"
2024-10-01 08:00:00+00:00,301,0,"0,11045413554814763",,"0,11045413554814763"
2024-10-01 09:00:00+00:00,301,0,"0,11045413554814763",,"0,11045413554814763"
2024-10-01 10:00:00+00:00,301,0,"0,11045413554814763",,"0,11045413554814763"
2024-10-01 11:00:00+00:00,301,0,"0,11045413554814763",,"0,11045413554814763"
2024-10-01 12:00:00+00:00,301,0,"0,11045413554814763",,"0,11045413554814763"
2024-10-01 13:00:00+00:00,301,0,"0,11045413554814763",,"0,11045413554814763"
2024-10-01 14:00:00+00:00,301,0,"0,11045413554814763",,"0,11045413554814763"
2024-10-01 15:00:00+00:00,301,0,"0,11045413554814763",,"0,11045413554814763"
2024-10-01 16:00:00+00:00,301,0,"0,11045413554814763",,"0,11045413554814763"
2024-10-01 17:00:00+00:00,301,0,"0,11045413554814763",,"0,11045413554814763"
2024-10-01 18:00:00+00:00,301,0,"0,11045413554814763",,"0,11045413554814763"
2024-10-01 19:00:00+00:00,301,0,"0,11045413554814763",,"0,11045413554814763"
2024-10-01 20:00:00+00:00,301,0,"0,11045413554814763",,"0,11045413554814763"
2024-10-01 21:00:00+00:00,301,0,"0,11045413554814763",,"0,11045413554814763"
2024-10-01 22:00:00+00:00,301,0,"0,11045413554814763",,"0,11045413554814763"
2024-10-01 23:00:00+00:00,301,0,"0,11045413554814763",,"0,11045413554814763"
2024-10-02 00:00:00+00:00,301,0,"0,11045413554814763","0,11045413554814763","0,11045413554814763"
2024-10-02 01:00:00+00:00,301,0,"0,11045413554814763","0,11045413554814763","0,11045413554814763"
2024-10-02 02:00:00+00:00,301,0,"0,11045413554814763","0,11045413554814763","0,11045413554814763"
2024-10-02 03:00:00+00:00,301,0,"0,11045413554814763","0,11045413554814763","0,11045413554814763"
2024-10-02 04:00:00+00:00,301,0,"0,11045413554814763","0,11045413554814763","0,11045413554814763"
2024-10-02 05:00:00+00:00,301,0,"0,11045413554814763","0,11045413554814763","0,11045413554814763"
2024-10-02 06:00:00+00:00,301,0,"0,11045413554814763","0,11045413554814763","0,11045413554814763"
2024-10-02 07:00:00+00:00,301,0,"0,11045413554814763","0,11045413554814763","0,11045413554814763"
2024-10-02 08:00:00+00:00,301,0,"0,11045413554814763","0,11045413554814763","0,11045413554814763"
2024-10-02 09:00:00+00:00,301,0,"0,11045413554814763","0,11045413554814763","0,11045413554814763"
2024-10-02 10:00:00+00:00,301,0,"0,11045413554814763","0,11045413554814763","0,11045413554814763"
2024-10-02 11:00:00+00:00,301,0,"0,11045413554814763","0,11045413554814763","0,11045413554814763"
2024-10-02 12:00:00+00:00,301,0,"0,11045413554814763","0,11045413554814763","0,11045413554814763"
2024-10-02 13:00:00+00:00,301,0,"0,11045413554814763","0,11045413554814763","0,11045413554814763"
2024-10-02 14:00:00+00:00,301,0,"0,11045413554814763","0,11045413554814763","0,11045413554814763"
2024-10-02 15:00:00+00:00,301,0,"0,11045413554814763","0,11045413554814763","0,11045413554814763"
2024-10-02 16:00:00+00:00,301,0,"0,11045413554814763","0,11045413554814763","0,11045413554814763"
2024-10-02 17:00:00+00:00,301,0,"0,11045413554814763","0,11045413554814763","0,11045413554814763"
2024-10-02 18:00:00+00:00,301,0,"0,11045413554814763","0,11045413554814763","0,11045413554814763"
2024-10-02 19:00:00+00:00,301,0,"0,11045413554814763","0,11045413554814763","0,11045413554814763"
2024-10-02 20:00:00+00:00,301,0,"0,11045413554814763","0,11045413554814763","0,11045413554814763"
2024-10-02 21:00:00+00:00,301,0,"0,11045413554814763","0,11045413554814763","0,11045413554814763"
2024-10-02 22:00:00+00:00,301,0,"0,11045413554814763","0,11045413554814763","0,11045413554814763"
2024-10-02 23:00:00+00:00,301,0,"0,11045413554814763","0,11045413554814763","0,11045413554814763"
2024-10-01 00:00:00+00:00,302,0,,,
2024-10-01 01:00:00+00:00,302,0,"0,5993966146708923",,
2024-10-01 02:00:00+00:00,302,0,"0,5993966146708923",,
2024-10-01 03:00:00+00:00,302,0,"0,5993966146708923",,"0,5993966146708923"
2024-10-01 04:00:00+00:00,302,0,"0,5993966146708923",,"0,5993966146708923"
2024-10-01 05:00:00+00:00,302,0,"0,5993966146708923",,"0,5993966146708923"
2024-10-01 06:00:00+00:00,302,0,"0,5993966146708923",,"0,5993966146708923"
2024-10-01 07:00:00+00:00,302,0,"0,5993966146708923",,"0,5993966146708923"
2024-10-01 08:00:00+00:00,302,0,"0,5993966146708923",,"0,5993966146708923"
2024-10-01 09:00:00+00:00,302,0,"0,5993966146708923",,"0,5993966146708923"
2024-10-01 10:00:00+00:00,302,0,"0,5993966146708923",,"0,5993966146708923"
2024-10-01 11:00:00+00:00,302,0,"0,5993966146708923",,"0,5993966146708923"
2024-10-01 12:00:00+00:00,302,0,"0,5993966146708923",,"0,5993966146708923"
2024-10-01 13:00:00+00:00,302,0,"0,5993966146708923",,"0,5993966146708923"
2024-10-01 14:00:00+00:00,302,0,"0,5993966146708923",,"0,5993966146708923"
2024-10-01 15:00:00+00:00,302,0,"0,5993966146708923",,"0,5993966146708923"
2024-10-01 16:00:00+00:00,302,0,"0,5993966146708923",,"0,5993966146708923"
2024-10-01 17:00:00+00:00,302,0,"0,5993966146708923",,"0,5993966146708923"
2024-10-01 18:00:00+00:00,302,0,"0,5993966146708923",,"0,5993966146708923"
2024-10-01 19:00:00+00:00,302,0,"0,5993966146708923",,"0,5993966146708923"
2024-10-01 20:00:00+00:00,302,0,"0,5993966146708923",,"0,5993966146708923"
2024-10-01 21:00:00+00:00,302,0,"0,5993966146708923",,"0,5993966146708923"
2024-10-01 22:00:00+00:00,302,0,"0,5993966146708923",,"0,5993966146708923"
2024-10-01 23:00:00+00:00,302,0,"0,5993966146708923",,"0,5993966146708923"
2024-10-02 00:00:00+00:00,302,0,"0,5993966146708923","0,5993966146708923","0,5993966146708923"
2024-10-02 01:00:00+00:00,302,0,"0,5993966146708923","0,5993966146708923","0,5993966146708923"
2024-10-02 02:00:00+00:00,302,0,"0,5993966146708923","0,5993966146708923","0,5993966146708923"
2024-10-02 03:00:00+00:00,302,0,"0,5993966146708923","0,5993966146708923","0,5993966146708923"
2024-10-02 04:00:00+00:00,302,0,"0,5993966146708923","0,5993966146708923","0,5993966146708923"
2024-10-02 05:00:00+00:00,302,0,"0,5993966146708923","0,5993966146708923","0,5993966146708923"
2024-10-02 06:00:00+00:00,302,0,"0,5993966146708923","0,5993966146708923","0,5993966146708923"
2024-10-02 07:00:00+00:00,302,0,"0,5993966146708923","0,5993966146708923","0,5993966146708923"
2024-10-02 08:00:00+00:00,302,0,"0,5993966146708923","0,5993966146708923","0,5993966146708923"
2024-10-02 09:00:00+00:00,302,0,"0,5993966146708923","0,5993966146708923","0,5993966146708923"
2024-10-02 10:00:00+00:00,302,0,"0,5993966146708923","0,5993966146708923","0,5993966146708923"
2024-10-02 11:00:00+00:00,302,0,"0,5993966146708923","0,5993966146708923","0,5993966146708923"
2024-10-02 12:00:00+00:00,302,0,"0,5993966146708923","0,5993966146708923","0,5993966146708923"
2024-10-02 13:00:00+00:00,302,0,"0,5993966146708923","0,5993966146708923","0,5993966146708923"
2024-10-02 14:00:00+00:00,302,0,"0,5993966146708923","0,5993966146708923","0,5993966146708923"
2024-10-02 15:00:00+00:00,302,0,"0,5993966146708923","0,5993966146708923","0,5993966146708923"
2024-10-02 16:00:00+00:00,302,0,"0,5993966146708923","0,5993966146708923","0,5993966146708923"
2024-10-02 17:00:00+00:00,302,0,"0,5993966146708923","0,5993966146708923","0,5993966146708923"
2024-10-02 18:00:00+00:00,302,0,"0,5993966146708923","0,5993966146708923","0,5993966146708923"
2024-10-02 19:00:00+00:00,302,0,"0,5993966146708923","0,5993966146708923","0,5993966146708923"
2024-10-02 20:00:00+00:00,302,0,"0,5993966146708923","0,5993966146708923","0,5993966146708923"
2024-10-02 21:00:00+00:00,302,0,"0,5993966146708923","0,5993966146708923","0,5993966146708923"
2024-10-02 22:00:00+00:00,302,0,"0,5993966146708923","0,5993966146708923","0,5993966146708923"
2024-10-02 23:00:00+00:00,302,0,"0,5993966146708923","0,5993966146708923","0,5993966146708923"
2024-10-01 00:00:00+00:00,303,0,,,
2024-10-01 01:00:00+00:00,303,0,"5,867,232,163,914,330",,
2024-10-01 02:00:00+00:00,303,0,"5,867,232,163,914,330",,
2024-10-01 03:00:00+00:00,303,0,"5,867,232,163,914,330",,"5,867,232,163,914,330"
2024-10-01 04:00:00+00:00,303,0,"5,867,232,163,914,330",,"5,867,232,163,914,330"
2024-10-01 05:00:00+00:00,303,0,"5,867,232,163,914,330",,"5,867,232,163,914,330"
2024-10-01 06:00:00+00:00,303,0,"5,867,232,163,914,330",,"5,867,232,163,914,330"
2024-10-01 07:00:00+00:00,303,0,"5,867,232,163,914,330",,"5,867,232,163,914,330"
2024-10-01 08:00:00+00:00,303,0,"5,867,232,163,914,330",,"5,867,232,163,914,330"
2024-10-01 09:00:00+00:00,303,0,"5,867,232,163,914,330",,"5,867,232,163,914,330"
2024-10-01 10:00:00+00:00,303,0,"5,867,232,163,914,330",,"5,867,232,163,914,330"
2024-10-01 11:00:00+00:00,303,0,"5,867,232,163,914,330",,"5,867,232,163,914,330"
2024-10-01 12:00:00+00:00,303,0,"5,867,232,163,914,330",,"5,867,232,163,914,330"
2024-10-01 13:00:00+00:00,303,0,"5,867,232,163,914,330",,"5,867,232,163,914,330"
2024-10-01 14:00:00+00:00,303,0,"5,867,232,163,914,330",,"5,867,232,163,914,330"
2024-10-01 15:00:00+00:00,303,0,"5,867,232,163,914,330",,"5,867,232,163,914,330"
2024-10-01 16:00:00+00:00,303,0,"5,867,232,163,914,330",,"5,867,232,163,914,330"
2024-10-01 17:00:00+00:00,303,0,"5,867,232,163,914,330",,"5,867,232,163,914,330"
2024-10-01 18:00:00+00:00,303,0,"5,867,232,163,914,330",,"5,867,232,163,914,330"
2024-10-01 19:00:00+00:00,303,0,"5,867,232,163,914,330",,"5,867,232,163,914,330"
2024-10-01 20:00:00+00:00,303,0,"5,867,232,163,914,330",,"5,867,232,163,914,330"
2024-10-01 21:00:00+00:00,303,0,"5,867,232,163,914,330",,"5,867,232,163,914,330"
2024-10-01 22:00:00+00:00,303,0,"5,867,232,163,914,330",,"5,867,232,163,914,330"
2024-10-01 23:00:00+00:00,303,0,"5,867,232,163,914,330",,"5,867,232,163,914,330"
2024-10-02 00:00:00+00:00,303,0,"5,867,232,163,914,330","5,867,232,163,914,330","5,867,232,163,914,330"
2024-10-02 01:00:00+00:00,303,0,"5,867,232,163,914,330","5,867,232,163,914,330","5,867,232,163,914,330"
2024-10-02 02:00:00+00:00,303,0,"5,867,232,163,914,330","5,867,232,163,914,330","5,867,232,163,914,330"
2024-10-02 03:00:00+00:00,303,0,"5,867,232,163,914,330","5,867,232,163,914,330","5,867,232,163,914,330"
2024-10-02 04:00:00+00:00,303,0,"5,867,232,163,914,330","5,867,232,163,914,330","5,867,232,163,914,330"
2024-10-02 05:00:00+00:00,303,0,"5,867,232,163,914,330","5,867,232,163,914,330","5,867,232,163,914,330"
2024-10-02 06:00:00+00:00,303,0,"5,867,232,163,914,330","5,867,232,163,914,330","5,867,232,163,914,330"
2024-10-02 07:00:00+00:00,303,0,"5,867,232,163,914,330","5,867,232,163,914,330","5,867,232,163,914,330"
2024-10-02 08:00:00+00:00,303,0,"5,867,232,163,914,330","5,867,232,163,914,330","5,867,232,163,914,330"
2024-10-02 09:00:00+00:00,303,0,"5,867,232,163,914,330","5,867,232,163,914,330","5,867,232,163,914,330"
2024-10-02 10:00:00+00:00,303,0,"5,867,232,163,914,330","5,867,232,163,914,330","5,867,232,163,914,330"
2024-10-02 11:00:00+00:00,303,0,"5,867,232,163,914,330","5,867,232,163,914,330","5,867,232,163,914,330"
2024-10-02 12:00:00+00:00,303,0,"5,867,232,163,914,330","5,867,232,163,914,330","5,867,232,163,914,330"
2024-10-02 13:00:00+00:00,303,0,"5,867,232,163,914,330","5,867,232,163,914,330","5,867,232,163,914,330"
2024-10-02 14:00:00+00:00,303,0,"5,867,232,163,914,330","5,867,232,163,914,330","5,867,232,163,914,330"
2024-10-02 15:00:00+00:00,303,0,"5,867,232,163,914,330","5,867,232,163,914,330","5,867,232,163,914,330"
2024-10-02 16:00:00+00:00,303,0,"5,867,232,163,914,330","5,867,232,163,914,330","5,867,232,163,914,330"
2024-10-02 17:00:00+00:00,303,0,"5,867,232,163,914,330","5,867,232,163,914,330","5,867,232,163,914,330"
2024-10-02 18:00:00+00:00,303,0,"5,867,232,163,914,330","5,867,232,163,914,330","5,867,232,163,914,330"
2024-10-02 19:00:00+00:00,303,0,"5,867,232,163,914,330","5,867,232,163,914,330","5,867,232,163,914,330"
2024-10-02 20:00:00+00:00,303,0,"5,867,232,163,914,330","5,867,232,163,914,330","5,867,232,163,914,330"
2024-10-02 21:00:00+00:00,303,0,"5,867,232,163,914,330","5,867,232,163,914,330","5,867,232,163,914,330"
2024-10-02 22:00:00+00:00,303,0,"5,867,232,163,914,330","5,867,232,163,914,330","5,867,232,163,914,330"
2024-10-02 23:00:00+00:00,303,0,"5,867,232,163,914,330","5,867,232,163,914,330","5,867,232,163,914,330"
2024-10-01 00:00:00+00:00,304,0,,,
2024-10-01 01:00:00+00:00,304,0,"0,11253951093208256",,
2024-10-01 02:00:00+00:00,304,0,"0,11253951093208256",,
2024-10-01 03:00:00+00:00,304,0,"0,11253951093208256",,"0,11253951093208256"
2024-10-01 04:00:00+00:00,304,0,"0,11253951093208256",,"0,11253951093208256"
2024-10-01 05:00:00+00:00,304,0,"0,11253951093208256",,"0,11253951093208256"
2024-10-01 06:00:00+00:00,304,0,"0,11253951093208256",,"0,11253951093208256"
2024-10-01 07:00:00+00:00,304,0,"0,11253951093208256",,"0,11253951093208256"
2024-10-01 08:00:00+00:00,304,0,"0,11253951093208256",,"0,11253951093208256"
2024-10-01 09:00:00+00:00,304,0,"0,11253951093208256",,"0,11253951093208256"
2024-10-01 10:00:00+00:00,304,0,"0,11253951093208256",,"0,11253951093208256"
2024-10-01 11:00:00+00:00,304,0,"0,11253951093208256",,"0,11253951093208256"
2024-10-01 12:00:00+00:00,304,0,"0,11253951093208256",,"0,11253951093208256"
2024-10-01 13:00:00+00:00,304,0,"0,11253951093208256",,"0,11253951093208256"
2024-10-01 14:00:00+00:00,304,0,"0,11253951093208256",,"0,11253951093208256"
2024-10-01 15:00:00+00:00,304,0,"0,11253951093208256",,"0,11253951093208256"
2024-10-01 16:00:00+00:00,304,0,"0,11253951093208256",,"0,11253951093208256"
2024-10-01 17:00:00+00:00,304,0,"0,11253951093208256",,"0,11253951093208256"
2024-10-01 18:00:00+00:00,304,0,"0,11253951093208256",,"0,11253951093208256"
2024-10-01 19:00:00+00:00,304,0,"0,11253951093208256",,"0,11253951093208256"
2024-10-01 20:00:00+00:00,304,0,"0,11253951093208256",,"0,11253951093208256"
2024-10-01 21:00:00+00:00,304,0,"0,11253951093208256",,"0,11253951093208256"
2024-10-01 22:00:00+00:00,304,0,"0,11253951093208256",,"0,11253951093208256"
2024-10-01 23:00:00+00:00,304,0,"0,11253951093208256",,"0,11253951093208256"
2024-10-02 00:00:00+00:00,304,0,"0,11253951093208256","0,11253951093208256","0,11253951093208256"
2024-10-02 01:00:00+00:00,304,0,"0,11253951093208256","0,11253951093208256","0,11253951093208256"
2024-10-02 02:00:00+00:00,304,0,"0,11253951093208256","0,11253951093208256","0,11253951093208256"
2024-10-02 03:00:00+00:00,304,0,"0,11253951093208256","0,11253951093208256","0,11253951093208256"
2024-10-02 04:00:00+00:00,304,0,"0,11253951093208256","0,11253951093208256","0,11253951093208256"
2024-10-02 05:00:00+00:00,304,0,"0,11253951093208256","0,11253951093208256","0,11253951093208256"
2024-10-02 06:00:00+00:00,304,0,"0,11253951093208256","0,11253951093208256","0,11253951093208256"
2024-10-02 07:00:00+00:00,304,0,"0,11253951093208256","0,11253951093208256","0,11253951093208256"
2024-10-02 08:00:00+00:00,304,0,"0,11253951093208256","0,11253951093208256","0,11253951093208256"
2024-10-02 09:00:00+00:00,304,0,"0,11253951093208256","0,11253951093208256","0,11253951093208256"
2024-10-02 10:00:00+00:00,304,0,"0,11253951093208256","0,11253951093208256","0,11253951093208256"
2024-10-02 11:00:00+00:00,304,0,"0,11253951093208256","0,11253951093208256","0,11253951093208256"
2024-10-02 12:00:00+00:00,304,0,"0,11253951093208256","0,11253951093208256","0,11253951093208256"
2024-10-02 13:00:00+00:00,304,0,"0,11253951093208256","0,11253951093208256","0,11253951093208256"
2024-10-02 14:00:00+00:00,304,0,"0,11253951093208256","0,11253951093208256","0,11253951093208256"
2024-10-02 15:00:00+00:00,304,0,"0,11253951093208256","0,11253951093208256","0,11253951093208256"
2024-10-02 16:00:00+00:00,304,0,"0,11253951093208256","0,11253951093208256","0,11253951093208256"
2024-10-02 17:00:00+00:00,304,0,"0,11253951093208256","0,11253951093208256","0,11253951093208256"
2024-10-02 18:00:00+00:00,304,0,"0,11253951093208256","0,11253951093208256","0,11253951093208256"
2024-10-02 19:00:00+00:00,304,0,"0,11253951093208256","0,11253951093208256","0,11253951093208256"
2024-10-02 20:00:00+00:00,304,0,"0,11253951093208256","0,11253951093208256","0,11253951093208256"
2024-10-02 21:00:00+00:00,304,0,"0,11253951093208256","0,11253951093208256","0,11253951093208256"
2024-10-02 22:00:00+00:00,304,0,"0,11253951093208256","0,11253951093208256","0,11253951093208256"
2024-10-02 23:00:00+00:00,304,0,"0,11253951093208256","0,11253951093208256","0,11253951093208256"
2024-10-01 00:00:00+00:00,305,0,,,
2024-10-01 01:00:00+00:00,305,0,"14,953,759,826,247,800",,
2024-10-01 02:00:00+00:00,305,0,"14,953,759,826,247,800",,
2024-10-01 03:00:00+00:00,305,0,"14,953,759,826,247,800",,"14,953,759,826,247,800"
2024-10-01 04:00:00+00:00,305,0,"14,953,759,826,247,800",,"14,953,759,826,247,800"
2024-10-01 05:00:00+00:00,305,0,"14,953,759,826,247,800",,"14,953,759,826,247,800"
2024-10-01 06:00:00+00:00,305,0,"14,953,759,826,247,800",,"14,953,759,826,247,800"
2024-10-01 07:00:00+00:00,305,0,"14,953,759,826,247,800",,"14,953,759,826,247,800"
2024-10-01 08:00:00+00:00,305,0,"14,953,759,826,247,800",,"14,953,759,826,247,800"
2024-10-01 09:00:00+00:00,305,0,"14,953,759,826,247,800",,"14,953,759,826,247,800"
2024-10-01 10:00:00+00:00,305,0,"14,953,759,826,247,800",,"14,953,759,826,247,800"
2024-10-01 11:00:00+00:00,305,0,"14,953,759,826,247,800",,"14,953,759,826,247,800"
2024-10-01 12:00:00+00:00,305,0,"14,953,759,826,247,800",,"14,953,759,826,247,800"
2024-10-01 13:00:00+00:00,305,0,"14,953,759,826,247,800",,"14,953,759,826,247,800"
2024-10-01 14:00:00+00:00,305,0,"14,953,759,826,247,800",,"14,953,759,826,247,800"
2024-10-01 15:00:00+00:00,305,0,"14,953,759,826,247,800",,"14,953,759,826,247,800"
2024-10-01 16:00:00+00:00,305,0,"14,953,759,826,247,800",,"14,953,759,826,247,800"
2024-10-01 17:00:00+00:00,305,0,"14,953,759,826,247,800",,"14,953,759,826,247,800"
2024-10-01 18:00:00+00:00,305,0,"14,953,759,826,247,800",,"14,953,759,826,247,800"
2024-10-01 19:00:00+00:00,305,0,"14,953,759,826,247,800",,"14,953,759,826,247,800"
2024-10-01 20:00:00+00:00,305,0,"14,953,759,826,247,800",,"14,953,759,826,247,800"
2024-10-01 21:00:00+00:00,305,0,"14,953,759,826,247,800",,"14,953,759,826,247,800"
2024-10-01 22:00:00+00:00,305,0,"14,953,759,826,247,800",,"14,953,759,826,247,800"
2024-10-01 23:00:00+00:00,305,0,"14,953,759,826,247,800",,"14,953,759,826,247,800"
2024-10-02 00:00:00+00:00,305,0,"14,953,759,826,247,800","14,953,759,826,247,800","14,953,759,826,247,800"
2024-10-02 01:00:00+00:00,305,0,"14,953,759,826,247,800","14,953,759,826,247,800","14,953,759,826,247,800"
2024-10-02 02:00:00+00:00,305,0,"14,953,759,826,247,800","14,953,759,826,247,800","14,953,759,826,247,800"
2024-10-02 03:00:00+00:00,305,0,"14,953,759,826,247,800","14,953,759,826,247,800","14,953,759,826,247,800"
2024-10-02 04:00:00+00:00,305,0,"14,953,759,826,247,800","14,953,759,826,247,800","14,953,759,826,247,800"
2024-10-02 05:00:00+00:00,305,0,"14,953,759,826,247,800","14,953,759,826,247,800","14,953,759,826,247,800"
2024-10-02 06:00:00+00:00,305,0,"14,953,759,826,247,800","14,953,759,826,247,800","14,953,759,826,247,800"
2024-10-02 07:00:00+00:00,305,0,"14,953,759,826,247,800","14,953,759,826,247,800","14,953,759,826,247,800"
2024-10-02 08:00:00+00:00,305,0,"14,953,759,826,247,800","14,953,759,826,247,800","14,953,759,826,247,800"
2024-10-02 09:00:00+00:00,305,0,"14,953,759,826,247,800","14,953,759,826,247,800","14,953,759,826,247,800"
2024-10-02 10:00:00+00:00,305,0,"14,953,759,826,247,800","14,953,759,826,247,800","14,953,759,826,247,800"
2024-10-02 11:00:00+00:00,305,0,"14,953,759,826,247,800","14,953,759,826,247,800","14,953,759,826,247,800"
2024-10-02 12:00:00+00:00,305,0,"14,953,759,826,247,800","14,953,759,826,247,800","14,953,759,826,247,800"
2024-10-02 13:00:00+00:00,305,0,"14,953,759,826,247,800","14,953,759,826,247,800","14,953,759,826,247,800"
2024-10-02 14:00:00+00:00,305,0,"14,953,759,826,247,800","14,953,759,826,247,800","14,953,759,826,247,800"
2024-10-02 15:00:00+00:00,305,0,"14,953,759,826,247,800","14,953,759,826,247,800","14,953,759,826,247,800"
2024-10-02 16:00:00+00:00,305,0,"14,953,759,826,247,800","14,953,759,826,247,800","14,953,759,826,247,800"
2024-10-02 17:00:00+00:00,305,0,"14,953,759,826,247,800","14,953,759,826,247,800","14,953,759,826,247,800"
2024-10-02 18:00:00+00:00,305,0,"14,953,759,826,247,800","14,953,759,826,247,800","14,953,759,826,247,800"
2024-10-02 19:00:00+00:00,305,0,"14,953,759,826,247,800","14,953,759,826,247,800","14,953,759,826,247,800"
2024-10-02 20:00:00+00:00,305,0,"14,953,759,826,247,800","14,953,759,826,247,800","14,953,759,826,247,800"
2024-10-02 21:00:00+00:00,305,0,"14,953,759,826,247,800","14,953,759,826,247,800","14,953,759,826,247,800"
2024-10-02 22:00:00+00:00,305,0,"14,953,759,826,247,800","14,953,759,826,247,800","14,953,759,826,247,800"
2024-10-02 23:00:00+00:00,305,0,"14,953,759,826,247,800","14,953,759,826,247,800","14,953,759,826,247,800"
2024-10-01 00:00:00+00:00,307,0,,,
2024-10-01 01:00:00+00:00,307,0,"0,08446042452498494",,
2024-10-01 02:00:00+00:00,307,0,"0,08446042452498494",,
2024-10-01 03:00:00+00:00,307,0,"0,08446042452498494",,"0,08446042452498494"
2024-10-01 04:00:00+00:00,307,0,"0,08446042452498494",,"0,08446042452498494"
2024-10-01 05:00:00+00:00,307,0,"0,08446042452498494",,"0,08446042452498494"
2024-10-01 06:00:00+00:00,307,0,"0,08446042452498494",,"0,08446042452498494"
2024-10-01 07:00:00+00:00,307,0,"0,08446042452498494",,"0,08446042452498494"
2024-10-01 08:00:00+00:00,307,0,"0,08446042452498494",,"0,08446042452498494"
2024-10-01 09:00:00+00:00,307,0,"0,08446042452498494",,"0,08446042452498494"
2024-10-01 10:00:00+00:00,307,0,"0,08446042452498494",,"0,08446042452498494"
2024-10-01 11:00:00+00:00,307,0,"0,08446042452498494",,"0,08446042452498494"
2024-10-01 12:00:00+00:00,307,0,"0,08446042452498494",,"0,08446042452498494"
2024-10-01 13:00:00+00:00,307,0,"0,08446042452498494",,"0,08446042452498494"
2024-10-01 14:00:00+00:00,307,0,"0,08446042452498494",,"0,08446042452498494"
2024-10-01 15:00:00+00:00,307,0,"0,08446042452498494",,"0,08446042452498494"
2024-10-01 16:00:00+00:00,307,0,"0,08446042452498494",,"0,08446042452498494"
2024-10-01 17:00:00+00:00,307,0,"0,08446042452498494",,"0,08446042452498494"
2024-10-01 18:00:00+00:00,307,0,"0,08446042452498494",,"0,08446042452498494"
2024-10-01 19:00:00+00:00,307,0,"0,08446042452498494",,"0,08446042452498494"
2024-10-01 20:00:00+00:00,307,0,"0,08446042452498494",,"0,08446042452498494"
2024-10-01 21:00:00+00:00,307,0,"0,08446042452498494",,"0,08446042452498494"
2024-10-01 22:00:00+00:00,307,0,"0,08446042452498494",,"0,08446042452498494"
2024-10-01 23:00:00+00:00,307,0,"0,08446042452498494",,"0,08446042452498494"
2024-10-02 00:00:00+00:00,307,0,"0,08446042452498494","0,08446042452498494","0,08446042452498494"
2024-10-02 01:00:00+00:00,307,0,"0,08446042452498494","0,08446042452498494","0,08446042452498494"
2024-10-02 02:00:00+00:00,307,0,"0,08446042452498494","0,08446042452498494","0,08446042452498494"
2024-10-02 03:00:00+00:00,307,0,"0,08446042452498494","0,08446042452498494","0,08446042452498494"
2024-10-02 04:00:00+00:00,307,0,"0,08446042452498494","0,08446042452498494","0,08446042452498494"
2024-10-02 05:00:00+00:00,307,0,"0,08446042452498494","0,08446042452498494","0,08446042452498494"
2024-10-02 06:00:00+00:00,307,0,"0,08446042452498494","0,08446042452498494","0,08446042452498494"
2024-10-02 07:00:00+00:00,307,0,"0,08446042452498494","0,08446042452498494","0,08446042452498494"
2024-10-02 08:00:00+00:00,307,0,"0,08446042452498494","0,08446042452498494","0,08446042452498494"
2024-10-02 09:00:00+00:00,307,0,"0,08446042452498494","0,08446042452498494","0,08446042452498494"
2024-10-02 10:00:00+00:00,307,0,"0,08446042452498494","0,08446042452498494","0,08446042452498494"
2024-10-02 11:00:00+00:00,307,0,"0,08446042452498494","0,08446042452498494","0,08446042452498494"
2024-10-02 12:00:00+00:00,307,0,"0,08446042452498494","0,08446042452498494","0,08446042452498494"
2024-10-02 13:00:00+00:00,307,0,"0,08446042452498494","0,08446042452498494","0,08446042452498494"
2024-10-02 14:00:00+00:00,307,0,"0,08446042452498494","0,08446042452498494","0,08446042452498494"
2024-10-02 15:00:00+00:00,307,0,"0,08446042452498494","0,08446042452498494","0,08446042452498494"
2024-10-02 16:00:00+00:00,307,0,"0,08446042452498494","0,08446042452498494","0,08446042452498494"
2024-10-02 17:00:00+00:00,307,0,"0,08446042452498494","0,08446042452498494","0,08446042452498494"
2024-10-02 18:00:00+00:00,307,0,"0,08446042452498494","0,08446042452498494","0,08446042452498494"
2024-10-02 19:00:00+00:00,307,0,"0,08446042452498494","0,08446042452498494","0,08446042452498494"
2024-10-02 20:00:00+00:00,307,0,"0,08446042452498494","0,08446042452498494","0,08446042452498494"
2024-10-02 21:00:00+00:00,307,0,"0,08446042452498494","0,08446042452498494","0,08446042452498494"
2024-10-02 22:00:00+00:00,307,0,"0,08446042452498494","0,08446042452498494","0,08446042452498494"
2024-10-02 23:00:00+00:00,307,0,"0,08446042452498494","0,08446042452498494","0,08446042452498494"
2024-10-01 00:00:00+00:00,308,0,,,
2024-10-01 01:00:00+00:00,308,0,"0,5058608401415928",,
2024-10-01 02:00:00+00:00,308,0,"0,5058608401415928",,
2024-10-01 03:00:00+00:00,308,0,"0,5058608401415928",,"0,5058608401415928"
2024-10-01 04:00:00+00:00,308,0,"0,5058608401415928",,"0,5058608401415928"
2024-10-01 05:00:00+00:00,308,0,"0,5058608401415928",,"0,5058608401415928"
2024-10-01 06:00:00+00:00,308,0,"0,5058608401415928",,"0,5058608401415928"
2024-10-01 07:00:00+00:00,308,0,"0,5058608401415928",,"0,5058608401415928"
2024-10-01 08:00:00+00:00,308,0,"0,5058608401415928",,"0,5058608401415928"
2024-10-01 09:00:00+00:00,308,0,"0,5058608401415928",,"0,5058608401415928"
2024-10-01 10:00:00+00:00,308,0,"0,5058608401415928",,"0,5058608401415928"
2024-10-01 11:00:00+00:00,308,0,"0,5058608401415928",,"0,5058608401415928"
2024-10-01 12:00:00+00:00,308,0,"0,5058608401415928",,"0,5058608401415928"
2024-10-01 13:00:00+00:00,308,0,"0,5058608401415928",,"0,5058608401415928"
2024-10-01 14:00:00+00:00,308,0,"0,5058608401415928",,"0,5058608401415928"
2024-10-01 15:00:00+00:00,308,0,"0,5058608401415928",,"0,5058608401415928"
2024-10-01 16:00:00+00:00,308,0,"0,5058608401415928",,"0,5058608401415928"
2024-10-01 17:00:00+00:00,308,0,"0,5058608401415928",,"0,5058608401415928"
2024-10-01 18:00:00+00:00,308,0,"0,5058608401415928",,"0,5058608401415928"
2024-10-01 19:00:00+00:00,308,0,"0,5058608401415928",,"0,5058608401415928"
2024-10-01 20:00:00+00:00,308,0,"0,5058608401415928",,"0,5058608401415928"
2024-10-01 21:00:00+00:00,308,0,"0,5058608401415928",,"0,5058608401415928"
2024-10-01 22:00:00+00:00,308,0,"0,5058608401415928",,"0,5058608401415928"
2024-10-01 23:00:00+00:00,308,0,"0,5058608401415928",,"0,5058608401415928"
2024-10-02 00:00:00+00:00,308,0,"0,5058608401415928","0,5058608401415928","0,5058608401415928"
2024-10-02 01:00:00+00:00,308,0,"0,5058608401415928","0,5058608401415928","0,5058608401415928"
2024-10-02 02:00:00+00:00,308,0,"0,5058608401415928","0,5058608401415928","0,5058608401415928"
2024-10-02 03:00:00+00:00,308,0,"0,5058608401415928","0,5058608401415928","0,5058608401415928"
2024-10-02 04:00:00+00:00,308,0,"0,5058608401415928","0,5058608401415928","0,5058608401415928"
2024-10-02 05:00:00+00:00,308,0,"0,5058608401415928","0,5058608401415928","0,5058608401415928"
2024-10-02 06:00:00+00:00,308,0,"0,5058608401415928","0,5058608401415928","0,5058608401415928"
2024-10-02 07:00:00+00:00,308,0,"0,5058608401415928","0,5058608401415928","0,5058608401415928"
2024-10-02 08:00:00+00:00,308,0,"0,5058608401415928","0,5058608401415928","0,5058608401415928"
2024-10-02 09:00:00+00:00,308,0,"0,5058608401415928","0,5058608401415928","0,5058608401415928"
2024-10-02 10:00:00+00:00,308,0,"0,5058608401415928","0,5058608401415928","0,5058608401415928"
2024-10-02 11:00:00+00:00,308,0,"0,5058608401415928","0,5058608401415928","0,5058608401415928"
2024-10-02 12:00:00+00:00,308,0,"0,5058608401415928","0,5058608401415928","0,5058608401415928"
2024-10-02 13:00:00+00:00,308,0,"0,5058608401415928","0,5058608401415928","0,5058608401415928"
2024-10-02 14:00:00+00:00,308,0,"0,5058608401415928","0,5058608401415928","0,5058608401415928"
2024-10-02 15:00:00+00:00,308,0,"0,5058608401415928","0,5058608401415928","0,5058608401415928"
2024-10-02 16:00:00+00:00,308,0,"0,5058608401415928","0,5058608401415928","0,5058608401415928"
2024-10-02 17:00:00+00:00,308,0,"0,5058608401415928","0,5058608401415928","0,5058608401415928"
2024-10-02 18:00:00+00:00,308,0,"0,5058608401415928","0,5058608401415928","0,5058608401415928"
2024-10-02 19:00:00+00:00,308,0,"0,5058608401415928","0,5058608401415928","0,5058608401415928"
2024-10-02 20:00:00+00:00,308,0,"0,5058608401415928","0,5058608401415928","0,5058608401415928"
2024-10-02 21:00:00+00:00,308,0,"0,5058608401415928","0,5058608401415928","0,5058608401415928"
2024-10-02 22:00:00+00:00,308,0,"0,5058608401415928","0,5058608401415928","0,5058608401415928"
2024-10-02 23:00:00+00:00,308,0,"0,5058608401415928","0,5058608401415928","0,5058608401415928"
2024-10-01 00:00:00+00:00,346,0,,,
2024-10-01 01:00:00+00:00,346,0,"0,10911395147814514",,
2024-10-01 02:00:00+00:00,346,0,"0,10911395147814514",,
2024-10-01 03:00:00+00:00,346,0,"0,10911395147814514",,"0,10911395147814514"
2024-10-01 04:00:00+00:00,346,0,"0,10911395147814514",,"0,10911395147814514"
2024-10-01 05:00:00+00:00,346,0,"0,10911395147814514",,"0,10911395147814514"
2024-10-01 06:00:00+00:00,346,0,"0,10911395147814514",,"0,10911395147814514"
2024-10-01 07:00:00+00:00,346,0,"0,10911395147814514",,"0,10911395147814514"
2024-10-01 08:00:00+00:00,346,0,"0,10911395147814514",,"0,10911395147814514"
2024-10-01 09:00:00+00:00,346,0,"0,10911395147814514",,"0,10911395147814514"
2024-10-01 10:00:00+00:00,346,0,"0,10911395147814514",,"0,10911395147814514"
2024-10-01 11:00:00+00:00,346,0,"0,10911395147814514",,"0,10911395147814514"
2024-10-01 12:00:00+00:00,346,0,"0,10911395147814514",,"0,10911395147814514"
2024-10-01 13:00:00+00:00,346,0,"0,10911395147814514",,"0,10911395147814514"
2024-10-01 14:00:00+00:00,346,0,"0,10911395147814514",,"0,10911395147814514"
2024-10-01 15:00:00+00:00,346,0,"0,10911395147814514",,"0,10911395147814514"
2024-10-01 16:00:00+00:00,346,0,"0,10911395147814514",,"0,10911395147814514"
2024-10-01 17:00:00+00:00,346,0,"0,10911395147814514",,"0,10911395147814514"
2024-10-01 18:00:00+00:00,346,0,"0,10911395147814514",,"0,10911395147814514"
2024-10-01 19:00:00+00:00,346,0,"0,10911395147814514",,"0,10911395147814514"
2024-10-01 20:00:00+00:00,346,0,"0,10911395147814514",,"0,10911395147814514"
2024-10-01 21:00:00+00:00,346,0,"0,10911395147814514",,"0,10911395147814514"
2024-10-01 22:00:00+00:00,346,0,"0,10911395147814514",,"0,10911395147814514"
2024-10-01 23:00:00+00:00,346,0,"0,10911395147814514",,"0,10911395147814514"
2024-10-02 00:00:00+00:00,346,0,"0,10911395147814514","0,10911395147814514","0,10911395147814514"
2024-10-02 01:00:00+00:00,346,0,"0,10911395147814514","0,10911395147814514","0,10911395147814514"
2024-10-02 02:00:00+00:00,346,0,"0,10911395147814514","0,10911395147814514","0,10911395147814514"
2024-10-02 03:00:00+00:00,346,0,"0,10911395147814514","0,10911395147814514","0,10911395147814514"
2024-10-02 04:00:00+00:00,346,0,"0,10911395147814514","0,10911395147814514","0,10911395147814514"
2024-10-02 05:00:00+00:00,346,0,"0,10911395147814514","0,10911395147814514","0,10911395147814514"
2024-10-02 06:00:00+00:00,346,0,"0,10911395147814514","0,10911395147814514","0,10911395147814514"
2024-10-02 07:00:00+00:00,346,0,"0,10911395147814514","0,10911395147814514","0,10911395147814514"
2024-10-02 08:00:00+00:00,346,0,"0,10911395147814514","0,10911395147814514","0,10911395147814514"
2024-10-02 09:00:00+00:00,346,0,"0,10911395147814514","0,10911395147814514","0,10911395147814514"
2024-10-02 10:00:00+00:00,346,0,"0,10911395147814514","0,10911395147814514","0,10911395147814514"
2024-10-02 11:00:00+00:00,346,0,"0,10911395147814514","0,10911395147814514","0,10911395147814514"
2024-10-02 12:00:00+00:00,346,0,"0,10911395147814514","0,10911395147814514","0,10911395147814514"
2024-10-02 13:00:00+00:00,346,0,"0,10911395147814514","0,10911395147814514","0,10911395147814514"
2024-10-02 14:00:00+00:00,346,0,"0,10911395147814514","0,10911395147814514","0,10911395147814514"
2024-10-02 15:00:00+00:00,346,0,"0,10911395147814514","0,10911395147814514","0,10911395147814514"
2024-10-02 16:00:00+00:00,346,0,"0,10911395147814514","0,10911395147814514","0,10911395147814514"
2024-10-02 17:00:00+00:00,346,0,"0,10911395147814514","0,10911395147814514","0,10911395147814514"
2024-10-02 18:00:00+00:00,346,0,"0,10911395147814514","0,10911395147814514","0,10911395147814514"
2024-10-02 19:00:00+00:00,346,0,"0,10911395147814514","0,10911395147814514","0,10911395147814514"
2024-10-02 20:00:00+00:00,346,0,"0,10911395147814514","0,10911395147814514","0,10911395147814514"
2024-10-02 21:00:00+00:00,346,0,"0,10911395147814514","0,10911395147814514","0,10911395147814514"
2024-10-02 22:00:00+00:00,346,0,"0,10911395147814514","0,10911395147814514","0,10911395147814514"
2024-10-02 23:00:00+00:00,346,0,"0,10911395147814514","0,10911395147814514","0,10911395147814514"
2024-10-01 00:00:00+00:00,347,0,,,
2024-10-01 01:00:00+00:00,347,0,"0,10823551395527044",,
2024-10-01 02:00:00+00:00,347,0,"0,10823551395527044",,
2024-10-01 03:00:00+00:00,347,0,"0,10823551395527044",,"0,10823551395527044"
2024-10-01 04:00:00+00:00,347,0,"0,10823551395527044",,"0,10823551395527044"
2024-10-01 05:00:00+00:00,347,0,"0,10823551395527044",,"0,10823551395527044"
2024-10-01 06:00:00+00:00,347,0,"0,10823551395527044",,"0,10823551395527044"
2024-10-01 07:00:00+00:00,347,0,"0,10823551395527044",,"0,10823551395527044"
2024-10-01 08:00:00+00:00,347,0,"0,10823551395527044",,"0,10823551395527044"
2024-10-01 09:00:00+00:00,347,0,"0,10823551395527044",,"0,10823551395527044"
2024-10-01 10:00:00+00:00,347,0,"0,10823551395527044",,"0,10823551395527044"
2024-10-01 11:00:00+00:00,347,0,"0,10823551395527044",,"0,10823551395527044"
2024-10-01 12:00:00+00:00,347,0,"0,10823551395527044",,"0,10823551395527044"
2024-10-01 13:00:00+00:00,347,0,"0,10823551395527044",,"0,10823551395527044"
2024-10-01 14:00:00+00:00,347,0,"0,10823551395527044",,"0,10823551395527044"
2024-10-01 15:00:00+00:00,347,0,"0,10823551395527044",,"0,10823551395527044"
2024-10-01 16:00:00+00:00,347,0,"0,10823551395527044",,"0,10823551395527044"
2024-10-01 17:00:00+00:00,347,0,"0,10823551395527044",,"0,10823551395527044"
2024-10-01 18:00:00+00:00,347,0,"0,10823551395527044",,"0,10823551395527044"
2024-10-01 19:00:00+00:00,347,0,"0,10823551395527044",,"0,10823551395527044"
2024-10-01 20:00:00+00:00,347,0,"0,10823551395527044",,"0,10823551395527044"
2024-10-01 21:00:00+00:00,347,0,"0,10823551395527044",,"0,10823551395527044"
2024-10-01 22:00:00+00:00,347,0,"0,10823551395527044",,"0,10823551395527044"
2024-10-01 23:00:00+00:00,347,0,"0,10823551395527044",,"0,10823551395527044"
2024-10-02 00:00:00+00:00,347,0,"0,10823551395527044","0,10823551395527044","0,10823551395527044"
2024-10-02 01:00:00+00:00,347,0,"0,10823551395527044","0,10823551395527044","0,10823551395527044"
2024-10-02 02:00:00+00:00,347,0,"0,10823551395527044","0,10823551395527044","0,10823551395527044"
2024-10-02 03:00:00+00:00,347,0,"0,10823551395527044","0,10823551395527044","0,10823551395527044"
2024-10-02 04:00:00+00:00,347,0,"0,10823551395527044","0,10823551395527044","0,10823551395527044"
2024-10-02 05:00:00+00:00,347,0,"0,10823551395527044","0,10823551395527044","0,10823551395527044"
2024-10-02 06:00:00+00:00,347,0,"0,10823551395527044","0,10823551395527044","0,10823551395527044"
2024-10-02 07:00:00+00:00,347,0,"0,10823551395527044","0,10823551395527044","0,10823551395527044"
2024-10-02 08:00:00+00:00,347,0,"0,10823551395527044","0,10823551395527044","0,10823551395527044"
2024-10-02 09:00:00+00:00,347,0,"0,10823551395527044","0,10823551395527044","0,10823551395527044"
2024-10-02 10:00:00+00:00,347,0,"0,10823551395527044","0,10823551395527044","0,10823551395527044"
2024-10-02 11:00:00+00:00,347,0,"0,10823551395527044","0,10823551395527044","0,10823551395527044"
2024-10-02 12:00:00+00:00,347,0,"0,10823551395527044","0,10823551395527044","0,10823551395527044"
2024-10-02 13:00:00+00:00,347,0,"0,10823551395527044","0,10823551395527044","0,10823551395527044"
2024-10-02 14:00:00+00:00,347,0,"0,10823551395527044","0,10823551395527044","0,10823551395527044"
2024-10-02 15:00:00+00:00,347,0,"0,10823551395527044","0,10823551395527044","0,10823551395527044"
2024-10-02 16:00:00+00:00,347,0,"0,10823551395527044","0,10823551395527044","0,10823551395527044"
2024-10-02 17:00:00+00:00,347,0,"0,10823551395527044","0,10823551395527044","0,10823551395527044"
2024-10-02 18:00:00+00:00,347,0,"0,10823551395527044","0,10823551395527044","0,10823551395527044"
2024-10-02 19:00:00+00:00,347,0,"0,10823551395527044","0,10823551395527044","0,10823551395527044"
2024-10-02 20:00:00+00:00,347,0,"0,10823551395527044","0,10823551395527044","0,10823551395527044"
2024-10-02 21:00:00+00:00,347,0,"0,10823551395527044","0,10823551395527044","0,10823551395527044"
2024-10-02 22:00:00+00:00,347,0,"0,10823551395527044","0,10823551395527044","0,10823551395527044"
2024-10-02 23:00:00+00:00,347,0,"0,10823551395527044","0,10823551395527044","0,10823551395527044"
2024-10-01 00:00:00+00:00,348,0,,,
2024-10-01 01:00:00+00:00,348,0,"0,5451250876016078",,
2024-10-01 02:00:00+00:00,348,0,"0,5451250876016078",,
2024-10-01 03:00:00+00:00,348,0,"0,5451250876016078",,"0,5451250876016078"
2024-10-01 04:00:00+00:00,348,0,"0,5451250876016078",,"0,5451250876016078"
2024-10-01 05:00:00+00:00,348,0,"0,5451250876016078",,"0,5451250876016078"
2024-10-01 06:00:00+00:00,348,0,"0,5451250876016078",,"0,5451250876016078"
2024-10-01 07:00:00+00:00,348,0,"0,5451250876016078",,"0,5451250876016078"
2024-10-01 08:00:00+00:00,348,0,"0,5451250876016078",,"0,5451250876016078"
2024-10-01 09:00:00+00:00,348,0,"0,5451250876016078",,"0,5451250876016078"
2024-10-01 10:00:00+00:00,348,0,"0,5451250876016078",,"0,5451250876016078"
2024-10-01 11:00:00+00:00,348,0,"0,5451250876016078",,"0,5451250876016078"
2024-10-01 12:00:00+00:00,348,0,"0,5451250876016078",,"0,5451250876016078"
2024-10-01 13:00:00+00:00,348,0,"0,5451250876016078",,"0,5451250876016078"
2024-10-01 14:00:00+00:00,348,0,"0,5451250876016078",,"0,5451250876016078"
2024-10-01 15:00:00+00:00,348,0,"0,5451250876016078",,"0,5451250876016078"
2024-10-01 16:00:00+00:00,348,0,"0,5451250876016078",,"0,5451250876016078"
2024-10-01 17:00:00+00:00,348,0,"0,5451250876016078",,"0,5451250876016078"
2024-10-01 18:00:00+00:00,348,0,"0,5451250876016078",,"0,5451250876016078"
2024-10-01 19:00:00+00:00,348,0,"0,5451250876016078",,"0,5451250876016078"
2024-10-01 20:00:00+00:00,348,0,"0,5451250876016078",,"0,5451250876016078"
2024-10-01 21:00:00+00:00,348,0,"0,5451250876016078",,"0,5451250876016078"
2024-10-01 22:00:00+00:00,348,0,"0,5451250876016078",,"0,5451250876016078"
2024-10-01 23:00:00+00:00,348,0,"0,5451250876016078",,"0,5451250876016078"
2024-10-02 00:00:00+00:00,348,0,"0,5451250876016078","0,5451250876016078","0,5451250876016078"
2024-10-02 01:00:00+00:00,348,0,"0,5451250876016078","0,5451250876016078","0,5451250876016078"
2024-10-02 02:00:00+00:00,348,0,"0,5451250876016078","0,5451250876016078","0,5451250876016078"
2024-10-02 03:00:00+00:00,348,0,"0,5451250876016078","0,5451250876016078","0,5451250876016078"
2024-10-02 04:00:00+00:00,348,0,"0,5451250876016078","0,5451250876016078","0,5451250876016078"
2024-10-02 05:00:00+00:00,348,0,"0,5451250876016078","0,5451250876016078","0,5451250876016078"
2024-10-02 06:00:00+00:00,348,0,"0,5451250876016078","0,5451250876016078","0,5451250876016078"
2024-10-02 07:00:00+00:00,348,0,"0,5451250876016078","0,5451250876016078","0,5451250876016078"
2024-10-02 08:00:00+00:00,348,0,"0,5451250876016078","0,5451250876016078","0,5451250876016078"
2024-10-02 09:00:00+00:00,348,0,"0,5451250876016078","0,5451250876016078","0,5451250876016078"
2024-10-02 10:00:00+00:00,348,0,"0,5451250876016078","0,5451250876016078","0,5451250876016078"
2024-10-02 11:00:00+00:00,348,0,"0,5451250876016078","0,5451250876016078","0,5451250876016078"
2024-10-02 12:00:00+00:00,348,0,"0,5451250876016078","0,5451250876016078","0,5451250876016078"
2024-10-02 13:00:00+00:00,348,0,"0,5451250876016078","0,5451250876016078","0,5451250876016078"
2024-10-02 14:00:00+00:00,348,0,"0,5451250876016078","0,5451250876016078","0,5451250876016078"
2024-10-02 15:00:00+00:00,348,0,"0,5451250876016078","0,5451250876016078","0,5451250876016078"
2024-10-02 16:00:00+00:00,348,0,"0,5451250876016078","0,5451250876016078","0,5451250876016078"
2024-10-02 17:00:00+00:00,348,0,"0,5451250876016078","0,5451250876016078","0,5451250876016078"
2024-10-02 18:00:00+00:00,348,0,"0,5451250876016078","0,5451250876016078","0,5451250876016078"
2024-10-02 19:00:00+00:00,348,0,"0,5451250876016078","0,5451250876016078","0,5451250876016078"
2024-10-02 20:00:00+00:00,348,0,"0,5451250876016078","0,5451250876016078","0,5451250876016078"
2024-10-02 21:00:00+00:00,348,0,"0,5451250876016078","0,5451250876016078","0,5451250876016078"
2024-10-02 22:00:00+00:00,348,0,"0,5451250876016078","0,5451250876016078","0,5451250876016078"
2024-10-02 23:00:00+00:00,348,0,"0,5451250876016078","0,5451250876016078","0,5451250876016078"
2024-10-01 00:00:00+00:00,378,0,,,
2024-10-01 01:00:00+00:00,378,0,"6,032,487,333,855,810",,
2024-10-01 02:00:00+00:00,378,0,"6,032,487,333,855,810",,
2024-10-01 03:00:00+00:00,378,0,"6,032,487,333,855,810",,"6,032,487,333,855,810"
2024-10-01 04:00:00+00:00,378,0,"6,032,487,333,855,810",,"6,032,487,333,855,810"
2024-10-01 05:00:00+00:00,378,0,"6,032,487,333,855,810",,"6,032,487,333,855,810"
2024-10-01 06:00:00+00:00,378,0,"6,032,487,333,855,810",,"6,032,487,333,855,810"
2024-10-01 07:00:00+00:00,378,0,"6,032,487,333,855,810",,"6,032,487,333,855,810"
2024-10-01 08:00:00+00:00,378,0,"6,032,487,333,855,810",,"6,032,487,333,855,810"
2024-10-01 09:00:00+00:00,378,0,"6,032,487,333,855,810",,"6,032,487,333,855,810"
2024-10-01 10:00:00+00:00,378,0,"6,032,487,333,855,810",,"6,032,487,333,855,810"
2024-10-01 11:00:00+00:00,378,0,"6,032,487,333,855,810",,"6,032,487,333,855,810"
2024-10-01 12:00:00+00:00,378,0,"6,032,487,333,855,810",,"6,032,487,333,855,810"
2024-10-01 13:00:00+00:00,378,0,"6,032,487,333,855,810",,"6,032,487,333,855,810"
2024-10-01 14:00:00+00:00,378,0,"6,032,487,333,855,810",,"6,032,487,333,855,810"
2024-10-01 15:00:00+00:00,378,0,"6,032,487,333,855,810",,"6,032,487,333,855,810"
2024-10-01 16:00:00+00:00,378,0,"6,032,487,333,855,810",,"6,032,487,333,855,810"
2024-10-01 17:00:00+00:00,378,0,"6,032,487,333,855,810",,"6,032,487,333,855,810"
2024-10-01 18:00:00+00:00,378,0,"6,032,487,333,855,810",,"6,032,487,333,855,810"
2024-10-01 19:00:00+00:00,378,0,"6,032,487,333,855,810",,"6,032,487,333,855,810"
2024-10-01 20:00:00+00:00,378,0,"6,032,487,333,855,810",,"6,032,487,333,855,810"
2024-10-01 21:00:00+00:00,378,0,"6,032,487,333,855,810",,"6,032,487,333,855,810"
2024-10-01 22:00:00+00:00,378,0,"6,032,487,333,855,810",,"6,032,487,333,855,810"
2024-10-01 23:00:00+00:00,378,0,"6,032,487,333,855,810",,"6,032,487,333,855,810"
2024-10-02 00:00:00+00:00,378,0,"6,032,487,333,855,810","6,032,487,333,855,810","6,032,487,333,855,810"
2024-10-02 01:00:00+00:00,378,0,"6,032,487,333,855,810","6,032,487,333,855,810","6,032,487,333,855,810"
2024-10-02 02:00:00+00:00,378,0,"6,032,487,333,855,810","6,032,487,333,855,810","6,032,487,333,855,810"
2024-10-02 03:00:00+00:00,378,0,"6,032,487,333,855,810","6,032,487,333,855,810","6,032,487,333,855,810"
2024-10-02 04:00:00+00:00,378,0,"6,032,487,333,855,810","6,032,487,333,855,810","6,032,487,333,855,810"
2024-10-02 05:00:00+00:00,378,0,"6,032,487,333,855,810","6,032,487,333,855,810","6,032,487,333,855,810"
2024-10-02 06:00:00+00:00,378,0,"6,032,487,333,855,810","6,032,487,333,855,810","6,032,487,333,855,810"
2024-10-02 07:00:00+00:00,378,0,"6,032,487,333,855,810","6,032,487,333,855,810","6,032,487,333,855,810"
2024-10-02 08:00:00+00:00,378,0,"6,032,487,333,855,810","6,032,487,333,855,810","6,032,487,333,855,810"
2024-10-02 09:00:00+00:00,378,0,"6,032,487,333,855,810","6,032,487,333,855,810","6,032,487,333,855,810"
2024-10-02 10:00:00+00:00,378,0,"6,032,487,333,855,810","6,032,487,333,855,810","6,032,487,333,855,810"
2024-10-02 11:00:00+00:00,378,0,"6,032,487,333,855,810","6,032,487,333,855,810","6,032,487,333,855,810"
2024-10-02 12:00:00+00:00,378,0,"6,032,487,333,855,810","6,032,487,333,855,810","6,032,487,333,855,810"
2024-10-02 13:00:00+00:00,378,0,"6,032,487,333,855,810","6,032,487,333,855,810","6,032,487,333,855,810"
2024-10-02 14:00:00+00:00,378,0,"6,032,487,333,855,810","6,032,487,333,855,810","6,032,487,333,855,810"
2024-10-02 15:00:00+00:00,378,0,"6,032,487,333,855,810","6,032,487,333,855,810","6,032,487,333,855,810"
2024-10-02 16:00:00+00:00,378,0,"6,032,487,333,855,810","6,032,487,333,855,810","6,032,487,333,855,810"
2024-10-02 17:00:00+00:00,378,0,"6,032,487,333,855,810","6,032,487,333,855,810","6,032,487,333,855,810"
2024-10-02 18:00:00+00:00,378,0,"6,032,487,333,855,810","6,032,487,333,855,810","6,032,487,333,855,810"
2024-10-02 19:00:00+00:00,378,0,"6,032,487,333,855,810","6,032,487,333,855,810","6,032,487,333,855,810"
2024-10-02 20:00:00+00:00,378,0,"6,032,487,333,855,810","6,032,487,333,855,810","6,032,487,333,855,810"
2024-10-02 21:00:00+00:00,378,0,"6,032,487,333,855,810","6,032,487,333,855,810","6,032,487,333,855,810"
2024-10-02 22:00:00+00:00,378,0,"6,032,487,333,855,810","6,032,487,333,855,810","6,032,487,333,855,810"
2024-10-02 23:00:00+00:00,378,0,"6,032,487,333,855,810","6,032,487,333,855,810","6,032,487,333,855,810"
2024-10-01 00:00:00+00:00,380,0,,,
2024-10-01 01:00:00+00:00,380,0,"0,7271671693215268",,
2024-10-01 02:00:00+00:00,380,0,"0,7271671693215268",,
2024-10-01 03:00:00+00:00,380,0,"0,7271671693215268",,"0,7271671693215268"
2024-10-01 04:00:00+00:00,380,0,"0,7271671693215268",,"0,7271671693215268"
2024-10-01 05:00:00+00:00,380,0,"0,7271671693215268",,"0,7271671693215268"
2024-10-01 06:00:00+00:00,380,0,"0,7271671693215268",,"0,7271671693215268"
2024-10-01 07:00:00+00:00,380,0,"0,7271671693215268",,"0,7271671693215268"
2024-10-01 08:00:00+00:00,380,0,"0,7271671693215268",,"0,7271671693215268"
2024-10-01 09:00:00+00:00,380,0,"0,7271671693215268",,"0,7271671693215268"
2024-10-01 10:00:00+00:00,380,0,"0,7271671693215268",,"0,7271671693215268"
2024-10-01 11:00:00+00:00,380,0,"0,7271671693215268",,"0,7271671693215268"
2024-10-01 12:00:00+00:00,380,0,"0,7271671693215268",,"0,7271671693215268"
2024-10-01 13:00:00+00:00,380,0,"0,7271671693215268",,"0,7271671693215268"
2024-10-01 14:00:00+00:00,380,0,"0,7271671693215268",,"0,7271671693215268"
2024-10-01 15:00:00+00:00,380,0,"0,7271671693215268",,"0,7271671693215268"
2024-10-01 16:00:00+00:00,380,0,"0,7271671693215268",,"0,7271671693215268"
2024-10-01 17:00:00+00:00,380,0,"0,7271671693215268",,"0,7271671693215268"
2024-10-01 18:00:00+00:00,380,0,"0,7271671693215268",,"0,7271671693215268"
2024-10-01 19:00:00+00:00,380,0,"0,7271671693215268",,"0,7271671693215268"
2024-10-01 20:00:00+00:00,380,0,"0,7271671693215268",,"0,7271671693215268"
2024-10-01 21:00:00+00:00,380,0,"0,7271671693215268",,"0,7271671693215268"
2024-10-01 22:00:00+00:00,380,0,"0,7271671693215268",,"0,7271671693215268"
2024-10-01 23:00:00+00:00,380,0,"0,7271671693215268",,"0,7271671693215268"
2024-10-02 00:00:00+00:00,380,0,"0,7271671693215268","0,7271671693215268","0,7271671693215268"
2024-10-02 01:00:00+00:00,380,0,"0,7271671693215268","0,7271671693215268","0,7271671693215268"
2024-10-02 02:00:00+00:00,380,0,"0,7271671693215268","0,7271671693215268","0,7271671693215268"
2024-10-02 03:00:00+00:00,380,0,"0,7271671693215268","0,7271671693215268","0,7271671693215268"
2024-10-02 04:00:00+00:00,380,0,"0,7271671693215268","0,7271671693215268","0,7271671693215268"
2024-10-02 05:00:00+00:00,380,0,"0,7271671693215268","0,7271671693215268","0,7271671693215268"
2024-10-02 06:00:00+00:00,380,0,"0,7271671693215268","0,7271671693215268","0,7271671693215268"
2024-10-02 07:00:00+00:00,380,0,"0,7271671693215268","0,7271671693215268","0,7271671693215268"
2024-10-02 08:00:00+00:00,380,0,"0,7271671693215268","0,7271671693215268","0,7271671693215268"
2024-10-02 09:00:00+00:00,380,0,"0,7271671693215268","0,7271671693215268","0,7271671693215268"
2024-10-02 10:00:00+00:00,380,0,"0,7271671693215268","0,7271671693215268","0,7271671693215268"
2024-10-02 11:00:00+00:00,380,0,"0,7271671693215268","0,7271671693215268","0,7271671693215268"
2024-10-02 12:00:00+00:00,380,0,"0,7271671693215268","0,7271671693215268","0,7271671693215268"
2024-10-02 13:00:00+00:00,380,0,"0,7271671693215268","0,7271671693215268","0,7271671693215268"
2024-10-02 14:00:00+00:00,380,0,"0,7271671693215268","0,7271671693215268","0,7271671693215268"
2024-10-02 15:00:00+00:00,380,0,"0,7271671693215268","0,7271671693215268","0,7271671693215268"
2024-10-02 16:00:00+00:00,380,0,"0,7271671693215268","0,7271671693215268","0,7271671693215268"
2024-10-02 17:00:00+00:00,380,0,"0,7271671693215268","0,7271671693215268","0,7271671693215268"
2024-10-02 18:00:00+00:00,380,0,"0,7271671693215268","0,7271671693215268","0,7271671693215268"
2024-10-02 19:00:00+00:00,380,0,"0,7271671693215268","0,7271671693215268","0,7271671693215268"
2024-10-02 20:00:00+00:00,380,0,"0,7271671693215268","0,7271671693215268","0,7271671693215268"
2024-10-02 21:00:00+00:00,380,0,"0,7271671693215268","0,7271671693215268","0,7271671693215268"
2024-10-02 22:00:00+00:00,380,0,"0,7271671693215268","0,7271671693215268","0,7271671693215268"
2024-10-02 23:00:00+00:00,380,0,"0,7271671693215268","0,7271671693215268","0,7271671693215268"
2024-10-01 00:00:00+00:00,385,0,,,
2024-10-01 01:00:00+00:00,385,0,"0,43026828423469354",,
2024-10-01 02:00:00+00:00,385,0,"0,43026828423469354",,
2024-10-01 03:00:00+00:00,385,0,"0,43026828423469354",,"0,43026828423469354"
2024-10-01 04:00:00+00:00,385,0,"0,43026828423469354",,"0,43026828423469354"
2024-10-01 05:00:00+00:00,385,0,"0,43026828423469354",,"0,43026828423469354"
2024-10-01 06:00:00+00:00,385,0,"0,43026828423469354",,"0,43026828423469354"
2024-10-01 07:00:00+00:00,385,0,"0,43026828423469354",,"0,43026828423469354"
2024-10-01 08:00:00+00:00,385,0,"0,43026828423469354",,"0,43026828423469354"
2024-10-01 09:00:00+00:00,385,0,"0,43026828423469354",,"0,43026828423469354"
2024-10-01 10:00:00+00:00,385,0,"0,43026828423469354",,"0,43026828423469354"
2024-10-01 11:00:00+00:00,385,0,"0,43026828423469354",,"0,43026828423469354"
2024-10-01 12:00:00+00:00,385,0,"0,43026828423469354",,"0,43026828423469354"
2024-10-01 13:00:00+00:00,385,0,"0,43026828423469354",,"0,43026828423469354"
2024-10-01 14:00:00+00:00,385,0,"0,43026828423469354",,"0,43026828423469354"
2024-10-01 15:00:00+00:00,385,0,"0,43026828423469354",,"0,43026828423469354"
2024-10-01 16:00:00+00:00,385,0,"0,43026828423469354",,"0,43026828423469354"
2024-10-01 17:00:00+00:00,385,0,"0,43026828423469354",,"0,43026828423469354"
2024-10-01 18:00:00+00:00,385,0,"0,43026828423469354",,"0,43026828423469354"
2024-10-01 19:00:00+00:00,385,0,"0,43026828423469354",,"0,43026828423469354"
2024-10-01 20:00:00+00:00,385,0,"0,43026828423469354",,"0,43026828423469354"
2024-10-01 21:00:00+00:00,385,0,"0,43026828423469354",,"0,43026828423469354"
2024-10-01 22:00:00+00:00,385,0,"0,43026828423469354",,"0,43026828423469354"
2024-10-01 23:00:00+00:00,385,0,"0,43026828423469354",,"0,43026828423469354"
2024-10-02 00:00:00+00:00,385,0,"0,43026828423469354","0,43026828423469354","0,43026828423469354"
2024-10-02 01:00:00+00:00,385,0,"0,43026828423469354","0,43026828423469354","0,43026828423469354"
2024-10-02 02:00:00+00:00,385,0,"0,43026828423469354","0,43026828423469354","0,43026828423469354"
2024-10-02 03:00:00+00:00,385,0,"0,43026828423469354","0,43026828423469354","0,43026828423469354"
2024-10-02 04:00:00+00:00,385,0,"0,43026828423469354","0,43026828423469354","0,43026828423469354"
2024-10-02 05:00:00+00:00,385,0,"0,43026828423469354","0,43026828423469354","0,43026828423469354"
2024-10-02 06:00:00+00:00,385,0,"0,43026828423469354","0,43026828423469354","0,43026828423469354"
2024-10-02 07:00:00+00:00,385,0,"0,43026828423469354","0,43026828423469354","0,43026828423469354"
2024-10-02 08:00:00+00:00,385,0,"0,43026828423469354","0,43026828423469354","0,43026828423469354"
2024-10-02 09:00:00+00:00,385,0,"0,43026828423469354","0,43026828423469354","0,43026828423469354"
2024-10-02 10:00:00+00:00,385,0,"0,43026828423469354","0,43026828423469354","0,43026828423469354"
2024-10-02 11:00:00+00:00,385,0,"0,43026828423469354","0,43026828423469354","0,43026828423469354"
2024-10-02 12:00:00+00:00,385,0,"0,43026828423469354","0,43026828423469354","0,43026828423469354"
2024-10-02 13:00:00+00:00,385,0,"0,43026828423469354","0,43026828423469354","0,43026828423469354"
2024-10-02 14:00:00+00:00,385,0,"0,43026828423469354","0,43026828423469354","0,43026828423469354"
2024-10-02 15:00:00+00:00,385,0,"0,43026828423469354","0,43026828423469354","0,43026828423469354"
2024-10-02 16:00:00+00:00,385,0,"0,43026828423469354","0,43026828423469354","0,43026828423469354"
2024-10-02 17:00:00+00:00,385,0,"0,43026828423469354","0,43026828423469354","0,43026828423469354"
2024-10-02 18:00:00+00:00,385,0,"0,43026828423469354","0,43026828423469354","0,43026828423469354"
2024-10-02 19:00:00+00:00,385,0,"0,43026828423469354","0,43026828423469354","0,43026828423469354"
2024-10-02 20:00:00+00:00,385,0,"0,43026828423469354","0,43026828423469354","0,43026828423469354"
2024-10-02 21:00:00+00:00,385,0,"0,43026828423469354","0,43026828423469354","0,43026828423469354"
2024-10-02 22:00:00+00:00,385,0,"0,43026828423469354","0,43026828423469354","0,43026828423469354"
2024-10-02 23:00:00+00:00,385,0,"0,43026828423469354","0,43026828423469354","0,43026828423469354"
2024-10-01 00:00:00+00:00,387,0,,,
2024-10-01 01:00:00+00:00,387,0,"0,3604068461934922",,
2024-10-01 02:00:00+00:00,387,0,"0,3604068461934922",,
2024-10-01 03:00:00+00:00,387,0,"0,3604068461934922",,"0,3604068461934922"
2024-10-01 04:00:00+00:00,387,0,"0,3604068461934922",,"0,3604068461934922"
2024-10-01 05:00:00+00:00,387,0,"0,3604068461934922",,"0,3604068461934922"
2024-10-01 06:00:00+00:00,387,0,"0,3604068461934922",,"0,3604068461934922"
2024-10-01 07:00:00+00:00,387,0,"0,3604068461934922",,"0,3604068461934922"
2024-10-01 08:00:00+00:00,387,0,"0,3604068461934922",,"0,3604068461934922"
2024-10-01 09:00:00+00:00,387,0,"0,3604068461934922",,"0,3604068461934922"
2024-10-01 10:00:00+00:00,387,0,"0,3604068461934922",,"0,3604068461934922"
2024-10-01 11:00:00+00:00,387,0,"0,3604068461934922",,"0,3604068461934922"
2024-10-01 12:00:00+00:00,387,0,"0,3604068461934922",,"0,3604068461934922"
2024-10-01 13:00:00+00:00,387,0,"0,3604068461934922",,"0,3604068461934922"
2024-10-01 14:00:00+00:00,387,0,"0,3604068461934922",,"0,3604068461934922"
2024-10-01 15:00:00+00:00,387,0,"0,3604068461934922",,"0,3604068461934922"
2024-10-01 16:00:00+00:00,387,0,"0,3604068461934922",,"0,3604068461934922"
2024-10-01 17:00:00+00:00,387,0,"0,3604068461934922",,"0,3604068461934922"
2024-10-01 18:00:00+00:00,387,0,"0,3604068461934922",,"0,3604068461934922"
2024-10-01 19:00:00+00:00,387,0,"0,3604068461934922",,"0,3604068461934922"
2024-10-01 20:00:00+00:00,387,0,"0,3604068461934922",,"0,3604068461934922"
2024-10-01 21:00:00+00:00,387,0,"0,3604068461934922",,"0,3604068461934922"
2024-10-01 22:00:00+00:00,387,0,"0,3604068461934922",,"0,3604068461934922"
2024-10-01 23:00:00+00:00,387,0,"0,3604068461934922",,"0,3604068461934922"
2024-10-02 00:00:00+00:00,387,0,"0,3604068461934922","0,3604068461934922","0,3604068461934922"
2024-10-02 01:00:00+00:00,387,0,"0,3604068461934922","0,3604068461934922","0,3604068461934922"
2024-10-02 02:00:00+00:00,387,0,"0,3604068461934922","0,3604068461934922","0,3604068461934922"
2024-10-02 03:00:00+00:00,387,0,"0,3604068461934922","0,3604068461934922","0,3604068461934922"
2024-10-02 04:00:00+00:00,387,0,"0,3604068461934922","0,3604068461934922","0,3604068461934922"
2024-10-02 05:00:00+00:00,387,0,"0,3604068461934922","0,3604068461934922","0,3604068461934922"
2024-10-02 06:00:00+00:00,387,0,"0,3604068461934922","0,3604068461934922","0,3604068461934922"
2024-10-02 07:00:00+00:00,387,0,"0,3604068461934922","0,3604068461934922","0,3604068461934922"
2024-10-02 08:00:00+00:00,387,0,"0,3604068461934922","0,3604068461934922","0,3604068461934922"
2024-10-02 09:00:00+00:00,387,0,"0,3604068461934922","0,3604068461934922","0,3604068461934922"
2024-10-02 10:00:00+00:00,387,0,"0,3604068461934922","0,3604068461934922","0,3604068461934922"
2024-10-02 11:00:00+00:00,387,0,"0,3604068461934922","0,3604068461934922","0,3604068461934922"
2024-10-02 12:00:00+00:00,387,0,"0,3604068461934922","0,3604068461934922","0,3604068461934922"
2024-10-02 13:00:00+00:00,387,0,"0,3604068461934922","0,3604068461934922","0,3604068461934922"
2024-10-02 14:00:00+00:00,387,0,"0,3604068461934922","0,3604068461934922","0,3604068461934922"
2024-10-02 15:00:00+00:00,387,0,"0,3604068461934922","0,3604068461934922","0,3604068461934922"
2024-10-02 16:00:00+00:00,387,0,"0,3604068461934922","0,3604068461934922","0,3604068461934922"
2024-10-02 17:00:00+00:00,387,0,"0,3604068461934922","0,3604068461934922","0,3604068461934922"
2024-10-02 18:00:00+00:00,387,0,"0,3604068461934922","0,3604068461934922","0,3604068461934922"
2024-10-02 19:00:00+00:00,387,0,"0,3604068461934922","0,3604068461934922","0,3604068461934922"
2024-10-02 20:00:00+00:00,387,0,"0,3604068461934922","0,3604068461934922","0,3604068461934922"
2024-10-02 21:00:00+00:00,387,0,"0,3604068461934922","0,3604068461934922","0,3604068461934922"
2024-10-02 22:00:00+00:00,387,0,"0,3604068461934922","0,3604068461934922","0,3604068461934922"
2024-10-02 23:00:00+00:00,387,0,"0,3604068461934922","0,3604068461934922","0,3604068461934922"
2024-10-01 00:00:00+00:00,390,0,,,
2024-10-01 01:00:00+00:00,390,0,"0,32487500193432806",,
2024-10-01 02:00:00+00:00,390,0,"0,32487500193432806",,
2024-10-01 03:00:00+00:00,390,0,"0,32487500193432806",,"0,32487500193432806"
2024-10-01 04:00:00+00:00,390,0,"0,32487500193432806",,"0,32487500193432806"
2024-10-01 05:00:00+00:00,390,0,"0,32487500193432806",,"0,32487500193432806"
2024-10-01 06:00:00+00:00,390,0,"0,32487500193432806",,"0,32487500193432806"
2024-10-01 07:00:00+00:00,390,0,"0,32487500193432806",,"0,32487500193432806"
2024-10-01 08:00:00+00:00,390,0,"0,32487500193432806",,"0,32487500193432806"
2024-10-01 09:00:00+00:00,390,0,"0,32487500193432806",,"0,32487500193432806"
2024-10-01 10:00:00+00:00,390,0,"0,32487500193432806",,"0,32487500193432806"
2024-10-01 11:00:00+00:00,390,0,"0,32487500193432806",,"0,32487500193432806"
2024-10-01 12:00:00+00:00,390,0,"0,32487500193432806",,"0,32487500193432806"
2024-10-01 13:00:00+00:00,390,0,"0,32487500193432806",,"0,32487500193432806"
2024-10-01 14:00:00+00:00,390,0,"0,32487500193432806",,"0,32487500193432806"
2024-10-01 15:00:00+00:00,390,0,"0,32487500193432806",,"0,32487500193432806"
2024-10-01 16:00:00+00:00,390,0,"0,32487500193432806",,"0,32487500193432806"
2024-10-01 17:00:00+00:00,390,0,"0,32487500193432806",,"0,32487500193432806"
2024-10-01 18:00:00+00:00,390,0,"0,32487500193432806",,"0,32487500193432806"
2024-10-01 19:00:00+00:00,390,0,"0,32487500193432806",,"0,32487500193432806"
2024-10-01 20:00:00+00:00,390,0,"0,32487500193432806",,"0,32487500193432806"
2024-10-01 21:00:00+00:00,390,0,"0,32487500193432806",,"0,32487500193432806"
2024-10-01 22:00:00+00:00,390,0,"0,32487500193432806",,"0,32487500193432806"
2024-10-01 23:00:00+00:00,390,0,"0,32487500193432806",,"0,32487500193432806"
2024-10-02 00:00:00+00:00,390,0,"0,32487500193432806","0,32487500193432806","0,32487500193432806"
2024-10-02 01:00:00+00:00,390,0,"0,32487500193432806","0,32487500193432806","0,32487500193432806"
2024-10-02 02:00:00+00:00,390,0,"0,32487500193432806","0,32487500193432806","0,32487500193432806"
2024-10-02 03:00:00+00:00,390,0,"0,32487500193432806","0,32487500193432806","0,32487500193432806"
2024-10-02 04:00:00+00:00,390,0,"0,32487500193432806","0,32487500193432806","0,32487500193432806"
2024-10-02 05:00:00+00:00,390,0,"0,32487500193432806","0,32487500193432806","0,32487500193432806"
2024-10-02 06:00:00+00:00,390,0,"0,32487500193432806","0,32487500193432806","0,32487500193432806"
2024-10-02 07:00:00+00:00,390,0,"0,32487500193432806","0,32487500193432806","0,32487500193432806"
2024-10-02 08:00:00+00:00,390,0,"0,32487500193432806","0,32487500193432806","0,32487500193432806"
2024-10-02 09:00:00+00:00,390,0,"0,32487500193432806","0,32487500193432806","0,32487500193432806"
2024-10-02 10:00:00+00:00,390,0,"0,32487500193432806","0,32487500193432806","0,32487500193432806"
2024-10-02 11:00:00+00:00,390,0,"0,32487500193432806","0,32487500193432806","0,32487500193432806"
2024-10-02 12:00:00+00:00,390,0,"0,32487500193432806","0,32487500193432806","0,32487500193432806"
2024-10-02 13:00:00+00:00,390,0,"0,32487500193432806","0,32487500193432806","0,32487500193432806"
2024-10-02 14:00:00+00:00,390,0,"0,32487500193432806","0,32487500193432806","0,32487500193432806"
2024-10-02 15:00:00+00:00,390,0,"0,32487500193432806","0,32487500193432806","0,32487500193432806"
2024-10-02 16:00:00+00:00,390,0,"0,32487500193432806","0,32487500193432806","0,32487500193432806"
2024-10-02 17:00:00+00:00,390,0,"0,32487500193432806","0,32487500193432806","0,32487500193432806"
2024-10-02 18:00:00+00:00,390,0,"0,32487500193432806","0,32487500193432806","0,32487500193432806"
2024-10-02 19:00:00+00:00,390,0,"0,32487500193432806","0,32487500193432806","0,32487500193432806"
2024-10-02 20:00:00+00:00,390,0,"0,32487500193432806","0,32487500193432806","0,32487500193432806"
2024-10-02 21:00:00+00:00,390,0,"0,32487500193432806","0,32487500193432806","0,32487500193432806"
2024-10-02 22:00:00+00:00,390,0,"0,32487500193432806","0,32487500193432806","0,32487500193432806"
2024-10-02 23:00:00+00:00,390,0,"0,32487500193432806","0,32487500193432806","0,32487500193432806"
2024-10-01 00:00:00+00:00,391,0,,,
2024-10-01 01:00:00+00:00,391,0,"3,123,145,509,330,710",,
2024-10-01 02:00:00+00:00,391,0,"3,123,145,509,330,710",,
2024-10-01 03:00:00+00:00,391,0,"3,123,145,509,330,710",,"3,123,145,509,330,710"
2024-10-01 04:00:00+00:00,391,0,"3,123,145,509,330,710",,"3,123,145,509,330,710"
2024-10-01 05:00:00+00:00,391,0,"3,123,145,509,330,710",,"3,123,145,509,330,710"
2024-10-01 06:00:00+00:00,391,0,"3,123,145,509,330,710",,"3,123,145,509,330,710"
2024-10-01 07:00:00+00:00,391,0,"3,123,145,509,330,710",,"3,123,145,509,330,710"
2024-10-01 08:00:00+00:00,391,0,"3,123,145,509,330,710",,"3,123,145,509,330,710"
2024-10-01 09:00:00+00:00,391,0,"3,123,145,509,330,710",,"3,123,145,509,330,710"
2024-10-01 10:00:00+00:00,391,0,"3,123,145,509,330,710",,"3,123,145,509,330,710"
2024-10-01 11:00:00+00:00,391,0,"3,123,145,509,330,710",,"3,123,145,509,330,710"
2024-10-01 12:00:00+00:00,391,0,"3,123,145,509,330,710",,"3,123,145,509,330,710"
2024-10-01 13:00:00+00:00,391,0,"3,123,145,509,330,710",,"3,123,145,509,330,710"
2024-10-01 14:00:00+00:00,391,0,"3,123,145,509,330,710",,"3,123,145,509,330,710"
2024-10-01 15:00:00+00:00,391,0,"3,123,145,509,330,710",,"3,123,145,509,330,710"
2024-10-01 16:00:00+00:00,391,0,"3,123,145,509,330,710",,"3,123,145,509,330,710"
2024-10-01 17:00:00+00:00,391,0,"3,123,145,509,330,710",,"3,123,145,509,330,710"
2024-10-01 18:00:00+00:00,391,0,"3,123,145,509,330,710",,"3,123,145,509,330,710"
2024-10-01 19:00:00+00:00,391,0,"3,123,145,509,330,710",,"3,123,145,509,330,710"
2024-10-01 20:00:00+00:00,391,0,"3,123,145,509,330,710",,"3,123,145,509,330,710"
2024-10-01 21:00:00+00:00,391,0,"3,123,145,509,330,710",,"3,123,145,509,330,710"
2024-10-01 22:00:00+00:00,391,0,"3,123,145,509,330,710",,"3,123,145,509,330,710"
2024-10-01 23:00:00+00:00,391,0,"3,123,145,509,330,710",,"3,123,145,509,330,710"
2024-10-02 00:00:00+00:00,391,0,"3,123,145,509,330,710","3,123,145,509,330,710","3,123,145,509,330,710"
2024-10-02 01:00:00+00:00,391,0,"3,123,145,509,330,710","3,123,145,509,330,710","3,123,145,509,330,710"
2024-10-02 02:00:00+00:00,391,0,"3,123,145,509,330,710","3,123,145,509,330,710","3,123,145,509,330,710"
2024-10-02 03:00:00+00:00,391,0,"3,123,145,509,330,710","3,123,145,509,330,710","3,123,145,509,330,710"
2024-10-02 04:00:00+00:00,391,0,"3,123,145,509,330,710","3,123,145,509,330,710","3,123,145,509,330,710"
2024-10-02 05:00:00+00:00,391,0,"3,123,145,509,330,710","3,123,145,509,330,710","3,123,145,509,330,710"
2024-10-02 06:00:00+00:00,391,0,"3,123,145,509,330,710","3,123,145,509,330,710","3,123,145,509,330,710"
2024-10-02 07:00:00+00:00,391,0,"3,123,145,509,330,710","3,123,145,509,330,710","3,123,145,509,330,710"
2024-10-02 08:00:00+00:00,391,0,"3,123,145,509,330,710","3,123,145,509,330,710","3,123,145,509,330,710"
2024-10-02 09:00:00+00:00,391,0,"3,123,145,509,330,710","3,123,145,509,330,710","3,123,145,509,330,710"
2024-10-02 10:00:00+00:00,391,0,"3,123,145,509,330,710","3,123,145,509,330,710","3,123,145,509,330,710"
2024-10-02 11:00:00+00:00,391,0,"3,123,145,509,330,710","3,123,145,509,330,710","3,123,145,509,330,710"
2024-10-02 12:00:00+00:00,391,0,"3,123,145,509,330,710","3,123,145,509,330,710","3,123,145,509,330,710"
2024-10-02 13:00:00+00:00,391,0,"3,123,145,509,330,710","3,123,145,509,330,710","3,123,145,509,330,710"
2024-10-02 14:00:00+00:00,391,0,"3,123,145,509,330,710","3,123,145,509,330,710","3,123,145,509,330,710"
2024-10-02 15:00:00+00:00,391,0,"3,123,145,509,330,710","3,123,145,509,330,710","3,123,145,509,330,710"
2024-10-02 16:00:00+00:00,391,0,"3,123,145,509,330,710","3,123,145,509,330,710","3,123,145,509,330,710"
2024-10-02 17:00:00+00:00,391,0,"3,123,145,509,330,710","3,123,145,509,330,710","3,123,145,509,330,710"
2024-10-02 18:00:00+00:00,391,0,"3,123,145,509,330,710","3,123,145,509,330,710","3,123,145,509,330,710"
2024-10-02 19:00:00+00:00,391,0,"3,123,145,509,330,710","3,123,145,509,330,710","3,123,145,509,330,710"
2024-10-02 20:00:00+00:00,391,0,"3,123,145,509,330,710","3,123,145,509,330,710","3,123,145,509,330,710"
2024-10-02 21:00:00+00:00,391,0,"3,123,145,509,330,710","3,123,145,509,330,710","3,123,145,509,330,710"
2024-10-02 22:00:00+00:00,391,0,"3,123,145,509,330,710","3,123,145,509,330,710","3,123,145,509,330,710"
2024-10-02 23:00:00+00:00,391,0,"3,123,145,509,330,710","3,123,145,509,330,710","3,123,145,509,330,710"
2024-10-01 00:00:00+00:00,393,0,,,
2024-10-01 01:00:00+00:00,393,0,"0,3508583384667507",,
2024-10-01 02:00:00+00:00,393,0,"0,3508583384667507",,
2024-10-01 03:00:00+00:00,393,0,"0,3508583384667507",,"0,3508583384667507"
2024-10-01 04:00:00+00:00,393,0,"0,3508583384667507",,"0,3508583384667507"
2024-10-01 05:00:00+00:00,393,0,"0,3508583384667507",,"0,3508583384667507"
2024-10-01 06:00:00+00:00,393,0,"0,3508583384667507",,"0,3508583384667507"
2024-10-01 07:00:00+00:00,393,0,"0,3508583384667507",,"0,3508583384667507"
2024-10-01 08:00:00+00:00,393,0,"0,3508583384667507",,"0,3508583384667507"
2024-10-01 09:00:00+00:00,393,0,"0,3508583384667507",,"0,3508583384667507"
2024-10-01 10:00:00+00:00,393,0,"0,3508583384667507",,"0,3508583384667507"
2024-10-01 11:00:00+00:00,393,0,"0,3508583384667507",,"0,3508583384667507"
2024-10-01 12:00:00+00:00,393,0,"0,3508583384667507",,"0,3508583384667507"
2024-10-01 13:00:00+00:00,393,0,"0,3508583384667507",,"0,3508583384667507"
2024-10-01 14:00:00+00:00,393,0,"0,3508583384667507",,"0,3508583384667507"
2024-10-01 15:00:00+00:00,393,0,"0,3508583384667507",,"0,3508583384667507"
2024-10-01 16:00:00+00:00,393,0,"0,3508583384667507",,"0,3508583384667507"
2024-10-01 17:00:00+00:00,393,0,"0,3508583384667507",,"0,3508583384667507"
2024-10-01 18:00:00+00:00,393,0,"0,3508583384667507",,"0,3508583384667507"
2024-10-01 19:00:00+00:00,393,0,"0,3508583384667507",,"0,3508583384667507"
2024-10-01 20:00:00+00:00,393,0,"0,3508583384667507",,"0,3508583384667507"
2024-10-01 21:00:00+00:00,393,0,"0,3508583384667507",,"0,3508583384667507"
2024-10-01 22:00:00+00:00,393,0,"0,3508583384667507",,"0,3508583384667507"
2024-10-01 23:00:00+00:00,393,0,"0,3508583384667507",,"0,3508583384667507"
2024-10-02 00:00:00+00:00,393,0,"0,3508583384667507","0,3508583384667507","0,3508583384667507"
2024-10-02 01:00:00+00:00,393,0,"0,3508583384667507","0,3508583384667507","0,3508583384667507"
2024-10-02 02:00:00+00:00,393,0,"0,3508583384667507","0,3508583384667507","0,3508583384667507"
2024-10-02 03:00:00+00:00,393,0,"0,3508583384667507","0,3508583384667507","0,3508583384667507"
2024-10-02 04:00:00+00:00,393,0,"0,3508583384667507","0,3508583384667507","0,3508583384667507"
2024-10-02 05:00:00+00:00,393,0,"0,3508583384667507","0,3508583384667507","0,3508583384667507"
2024-10-02 06:00:00+00:00,393,0,"0,3508583384667507","0,3508583384667507","0,3508583384667507"
2024-10-02 07:00:00+00:00,393,0,"0,3508583384667507","0,3508583384667507","0,3508583384667507"
2024-10-02 08:00:00+00:00,393,0,"0,3508583384667507","0,3508583384667507","0,3508583384667507"
2024-10-02 09:00:00+00:00,393,0,"0,3508583384667507","0,3508583384667507","0,3508583384667507"
2024-10-02 10:00:00+00:00,393,0,"0,3508583384667507","0,3508583384667507","0,3508583384667507"
2024-10-02 11:00:00+00:00,393,0,"0,3508583384667507","0,3508583384667507","0,3508583384667507"
2024-10-02 12:00:00+00:00,393,0,"0,3508583384667507","0,3508583384667507","0,3508583384667507"
2024-10-02 13:00:00+00:00,393,0,"0,3508583384667507","0,3508583384667507","0,3508583384667507"
2024-10-02 14:00:00+00:00,393,0,"0,3508583384667507","0,3508583384667507","0,3508583384667507"
2024-10-02 15:00:00+00:00,393,0,"0,3508583384667507","0,3508583384667507","0,3508583384667507"
2024-10-02 16:00:00+00:00,393,0,"0,3508583384667507","0,3508583384667507","0,3508583384667507"
2024-10-02 17:00:00+00:00,393,0,"0,3508583384667507","0,3508583384667507","0,3508583384667507"
2024-10-02 18:00:00+00:00,393,0,"0,3508583384667507","0,3508583384667507","0,3508583384667507"
2024-10-02 19:00:00+00:00,393,0,"0,3508583384667507","0,3508583384667507","0,3508583384667507"
2024-10-02 20:00:00+00:00,393,0,"0,3508583384667507","0,3508583384667507","0,3508583384667507"
2024-10-02 21:00:00+00:00,393,0,"0,3508583384667507","0,3508583384667507","0,3508583384667507"
2024-10-02 22:00:00+00:00,393,0,"0,3508583384667507","0,3508583384667507","0,3508583384667507"
2024-10-02 23:00:00+00:00,393,0,"0,3508583384667507","0,3508583384667507","0,3508583384667507"
2024-10-01 00:00:00+00:00,394,0,,,
2024-10-01 01:00:00+00:00,394,0,"2,505,241,642,325,850",,
2024-10-01 02:00:00+00:00,394,0,"2,505,241,642,325,850",,
2024-10-01 03:00:00+00:00,394,0,"2,505,241,642,325,850",,"2,505,241,642,325,850"
2024-10-01 04:00:00+00:00,394,0,"2,505,241,642,325,850",,"2,505,241,642,325,850"
2024-10-01 05:00:00+00:00,394,0,"2,505,241,642,325,850",,"2,505,241,642,325,850"
2024-10-01 06:00:00+00:00,394,0,"2,505,241,642,325,850",,"2,505,241,642,325,850"
2024-10-01 07:00:00+00:00,394,0,"2,505,241,642,325,850",,"2,505,241,642,325,850"
2024-10-01 08:00:00+00:00,394,0,"2,505,241,642,325,850",,"2,505,241,642,325,850"
2024-10-01 09:00:00+00:00,394,0,"2,505,241,642,325,850",,"2,505,241,642,325,850"
2024-10-01 10:00:00+00:00,394,0,"2,505,241,642,325,850",,"2,505,241,642,325,850"
2024-10-01 11:00:00+00:00,394,0,"2,505,241,642,325,850",,"2,505,241,642,325,850"
2024-10-01 12:00:00+00:00,394,0,"2,505,241,642,325,850",,"2,505,241,642,325,850"
2024-10-01 13:00:00+00:00,394,0,"2,505,241,642,325,850",,"2,505,241,642,325,850"
2024-10-01 14:00:00+00:00,394,0,"2,505,241,642,325,850",,"2,505,241,642,325,850"
2024-10-01 15:00:00+00:00,394,0,"2,505,241,642,325,850",,"2,505,241,642,325,850"
2024-10-01 16:00:00+00:00,394,0,"2,505,241,642,325,850",,"2,505,241,642,325,850"
2024-10-01 17:00:00+00:00,394,0,"2,505,241,642,325,850",,"2,505,241,642,325,850"
2024-10-01 18:00:00+00:00,394,0,"2,505,241,642,325,850",,"2,505,241,642,325,850"
2024-10-01 19:00:00+00:00,394,0,"2,505,241,642,325,850",,"2,505,241,642,325,850"
2024-10-01 20:00:00+00:00,394,0,"2,505,241,642,325,850",,"2,505,241,642,325,850"
2024-10-01 21:00:00+00:00,394,0,"2,505,241,642,325,850",,"2,505,241,642,325,850"
2024-10-01 22:00:00+00:00,394,0,"2,505,241,642,325,850",,"2,505,241,642,325,850"
2024-10-01 23:00:00+00:00,394,0,"2,505,241,642,325,850",,"2,505,241,642,325,850"
2024-10-02 00:00:00+00:00,394,0,"2,505,241,642,325,850","2,505,241,642,325,850","2,505,241,642,325,850"
2024-10-02 01:00:00+00:00,394,0,"2,505,241,642,325,850","2,505,241,642,325,850","2,505,241,642,325,850"
2024-10-02 02:00:00+00:00,394,0,"2,505,241,642,325,850","2,505,241,642,325,850","2,505,241,642,325,850"
2024-10-02 03:00:00+00:00,394,0,"2,505,241,642,325,850","2,505,241,642,325,850","2,505,241,642,325,850"
2024-10-02 04:00:00+00:00,394,0,"2,505,241,642,325,850","2,505,241,642,325,850","2,505,241,642,325,850"
2024-10-02 05:00:00+00:00,394,0,"2,505,241,642,325,850","2,505,241,642,325,850","2,505,241,642,325,850"
2024-10-02 06:00:00+00:00,394,0,"2,505,241,642,325,850","2,505,241,642,325,850","2,505,241,642,325,850"
2024-10-02 07:00:00+00:00,394,0,"2,505,241,642,325,850","2,505,241,642,325,850","2,505,241,642,325,850"
2024-10-02 08:00:00+00:00,394,0,"2,505,241,642,325,850","2,505,241,642,325,850","2,505,241,642,325,850"
2024-10-02 09:00:00+00:00,394,0,"2,505,241,642,325,850","2,505,241,642,325,850","2,505,241,642,325,850"
2024-10-02 10:00:00+00:00,394,0,"2,505,241,642,325,850","2,505,241,642,325,850","2,505,241,642,325,850"
2024-10-02 11:00:00+00:00,394,0,"2,505,241,642,325,850","2,505,241,642,325,850","2,505,241,642,325,850"
2024-10-02 12:00:00+00:00,394,0,"2,505,241,642,325,850","2,505,241,642,325,850","2,505,241,642,325,850"
2024-10-02 13:00:00+00:00,394,0,"2,505,241,642,325,850","2,505,241,642,325,850","2,505,241,642,325,850"
2024-10-02 14:00:00+00:00,394,0,"2,505,241,642,325,850","2,505,241,642,325,850","2,505,241,642,325,850"
2024-10-02 15:00:00+00:00,394,0,"2,505,241,642,325,850","2,505,241,642,325,850","2,505,241,642,325,850"
2024-10-02 16:00:00+00:00,394,0,"2,505,241,642,325,850","2,505,241,642,325,850","2,505,241,642,325,850"
2024-10-02 17:00:00+00:00,394,0,"2,505,241,642,325,850","2,505,241,642,325,850","2,505,241,642,325,850"
2024-10-02 18:00:00+00:00,394,0,"2,505,241,642,325,850","2,505,241,642,325,850","2,505,241,642,325,850"
2024-10-02 19:00:00+00:00,394,0,"2,505,241,642,325,850","2,505,241,642,325,850","2,505,241,642,325,850"
2024-10-02 20:00:00+00:00,394,0,"2,505,241,642,325,850","2,505,241,642,325,850","2,505,241,642,325,850"
2024-10-02 21:00:00+00:00,394,0,"2,505,241,642,325,850","2,505,241,642,325,850","2,505,241,642,325,850"
2024-10-02 22:00:00+00:00,394,0,"2,505,241,642,325,850","2,505,241,642,325,850","2,505,241,642,325,850"
2024-10-02 23:00:00+00:00,394,0,"2,505,241,642,325,850","2,505,241,642,325,850","2,505,241,642,325,850"
2024-10-01 00:00:00+00:00,395,0,,,
2024-10-01 01:00:00+00:00,395,0,"27,259,857,733,397,000",,
2024-10-01 02:00:00+00:00,395,0,"27,259,857,733,397,000",,
2024-10-01 03:00:00+00:00,395,0,"27,259,857,733,397,000",,"27,259,857,733,397,000"
2024-10-01 04:00:00+00:00,395,0,"27,259,857,733,397,000",,"27,259,857,733,397,000"
2024-10-01 05:00:00+00:00,395,0,"27,259,857,733,397,000",,"27,259,857,733,397,000"
2024-10-01 06:00:00+00:00,395,0,"27,259,857,733,397,000",,"27,259,857,733,397,000"
2024-10-01 07:00:00+00:00,395,0,"27,259,857,733,397,000",,"27,259,857,733,397,000"
2024-10-01 08:00:00+00:00,395,0,"27,259,857,733,397,000",,"27,259,857,733,397,000"
2024-10-01 09:00:00+00:00,395,0,"27,259,857,733,397,000",,"27,259,857,733,397,000"
2024-10-01 10:00:00+00:00,395,0,"27,259,857,733,397,000",,"27,259,857,733,397,000"
2024-10-01 11:00:00+00:00,395,0,"27,259,857,733,397,000",,"27,259,857,733,397,000"
2024-10-01 12:00:00+00:00,395,0,"27,259,857,733,397,000",,"27,259,857,733,397,000"
2024-10-01 13:00:00+00:00,395,0,"27,259,857,733,397,000",,"27,259,857,733,397,000"
2024-10-01 14:00:00+00:00,395,0,"27,259,857,733,397,000",,"27,259,857,733,397,000"
2024-10-01 15:00:00+00:00,395,0,"27,259,857,733,397,000",,"27,259,857,733,397,000"
2024-10-01 16:00:00+00:00,395,0,"27,259,857,733,397,000",,"27,259,857,733,397,000"
2024-10-01 17:00:00+00:00,395,0,"27,259,857,733,397,000",,"27,259,857,733,397,000"
2024-10-01 18:00:00+00:00,395,0,"27,259,857,733,397,000",,"27,259,857,733,397,000"
2024-10-01 19:00:00+00:00,395,0,"27,259,857,733,397,000",,"27,259,857,733,397,000"
2024-10-01 20:00:00+00:00,395,0,"27,259,857,733,397,000",,"27,259,857,733,397,000"
2024-10-01 21:00:00+00:00,395,0,"27,259,857,733,397,000",,"27,259,857,733,397,000"
2024-10-01 22:00:00+00:00,395,0,"27,259,857,733,397,000",,"27,259,857,733,397,000"
2024-10-01 23:00:00+00:00,395,0,"27,259,857,733,397,000",,"27,259,857,733,397,000"
2024-10-02 00:00:00+00:00,395,0,"27,259,857,733,397,000","27,259,857,733,397,000","27,259,857,733,397,000"
2024-10-02 01:00:00+00:00,395,0,"27,259,857,733,397,000","27,259,857,733,397,000","27,259,857,733,397,000"
2024-10-02 02:00:00+00:00,395,0,"27,259,857,733,397,000","27,259,857,733,397,000","27,259,857,733,397,000"
2024-10-02 03:00:00+00:00,395,0,"27,259,857,733,397,000","27,259,857,733,397,000","27,259,857,733,397,000"
2024-10-02 04:00:00+00:00,395,0,"27,259,857,733,397,000","27,259,857,733,397,000","27,259,857,733,397,000"
2024-10-02 05:00:00+00:00,395,0,"27,259,857,733,397,000","27,259,857,733,397,000","27,259,857,733,397,000"
2024-10-02 06:00:00+00:00,395,0,"27,259,857,733,397,000","27,259,857,733,397,000","27,259,857,733,397,000"
2024-10-02 07:00:00+00:00,395,0,"27,259,857,733,397,000","27,259,857,733,397,000","27,259,857,733,397,000"
2024-10-02 08:00:00+00:00,395,0,"27,259,857,733,397,000","27,259,857,733,397,000","27,259,857,733,397,000"
2024-10-02 09:00:00+00:00,395,0,"27,259,857,733,397,000","27,259,857,733,397,000","27,259,857,733,397,000"
2024-10-02 10:00:00+00:00,395,0,"27,259,857,733,397,000","27,259,857,733,397,000","27,259,857,733,397,000"
2024-10-02 11:00:00+00:00,395,0,"27,259,857,733,397,000","27,259,857,733,397,000","27,259,857,733,397,000"
2024-10-02 12:00:00+00:00,395,0,"27,259,857,733,397,000","27,259,857,733,397,000","27,259,857,733,397,000"
2024-10-02 13:00:00+00:00,395,0,"27,259,857,733,397,000","27,259,857,733,397,000","27,259,857,733,397,000"
2024-10-02 14:00:00+00:00,395,0,"27,259,857,733,397,000","27,259,857,733,397,000","27,259,857,733,397,000"
2024-10-02 15:00:00+00:00,395,0,"27,259,857,733,397,000","27,259,857,733,397,000","27,259,857,733,397,000"
2024-10-02 16:00:00+00:00,395,0,"27,259,857,733,397,000","27,259,857,733,397,000","27,259,857,733,397,000"
2024-10-02 17:00:00+00:00,395,0,"27,259,857,733,397,000","27,259,857,733,397,000","27,259,857,733,397,000"
2024-10-02 18:00:00+00:00,395,0,"27,259,857,733,397,000","27,259,857,733,397,000","27,259,857,733,397,000"
2024-10-02 19:00:00+00:00,395,0,"27,259,857,733,397,000","27,259,857,733,397,000","27,259,857,733,397,000"
2024-10-02 20:00:00+00:00,395,0,"27,259,857,733,397,000","27,259,857,733,397,000","27,259,857,733,397,000"
2024-10-02 21:00:00+00:00,395,0,"27,259,857,733,397,000","27,259,857,733,397,000","27,259,857,733,397,000"
2024-10-02 22:00:00+00:00,395,0,"27,259,857,733,397,000","27,259,857,733,397,000","27,259,857,733,397,000"
2024-10-02 23:00:00+00:00,395,0,"27,259,857,733,397,000","27,259,857,733,397,000","27,259,857,733,397,000"
2024-10-01 00:00:00+00:00,396,0,,,
2024-10-01 01:00:00+00:00,396,0,"0,10519882717690089",,
2024-10-01 02:00:00+00:00,396,0,"0,10519882717690089",,
2024-10-01 03:00:00+00:00,396,0,"0,10519882717690089",,"0,10519882717690089"
2024-10-01 04:00:00+00:00,396,0,"0,10519882717690089",,"0,10519882717690089"
2024-10-01 05:00:00+00:00,396,0,"0,10519882717690089",,"0,10519882717690089"
2024-10-01 06:00:00+00:00,396,0,"0,10519882717690089",,"0,10519882717690089"
2024-10-01 07:00:00+00:00,396,0,"0,10519882717690089",,"0,10519882717690089"
2024-10-01 08:00:00+00:00,396,0,"0,10519882717690089",,"0,10519882717690089"
2024-10-01 09:00:00+00:00,396,0,"0,10519882717690089",,"0,10519882717690089"
2024-10-01 10:00:00+00:00,396,0,"0,10519882717690089",,"0,10519882717690089"
2024-10-01 11:00:00+00:00,396,0,"0,10519882717690089",,"0,10519882717690089"
2024-10-01 12:00:00+00:00,396,0,"0,10519882717690089",,"0,10519882717690089"
2024-10-01 13:00:00+00:00,396,0,"0,10519882717690089",,"0,10519882717690089"
2024-10-01 14:00:00+00:00,396,0,"0,10519882717690089",,"0,10519882717690089"
2024-10-01 15:00:00+00:00,396,0,"0,10519882717690089",,"0,10519882717690089"
2024-10-01 16:00:00+00:00,396,0,"0,10519882717690089",,"0,10519882717690089"
2024-10-01 17:00:00+00:00,396,0,"0,10519882717690089",,"0,10519882717690089"
2024-10-01 18:00:00+00:00,396,0,"0,10519882717690089",,"0,10519882717690089"
2024-10-01 19:00:00+00:00,396,0,"0,10519882717690089",,"0,10519882717690089"
2024-10-01 20:00:00+00:00,396,0,"0,10519882717690089",,"0,10519882717690089"
2024-10-01 21:00:00+00:00,396,0,"0,10519882717690089",,"0,10519882717690089"
2024-10-01 22:00:00+00:00,396,0,"0,10519882717690089",,"0,10519882717690089"
2024-10-01 23:00:00+00:00,396,0,"0,10519882717690089",,"0,10519882717690089"
2024-10-02 00:00:00+00:00,396,0,"0,10519882717690089","0,10519882717690089","0,10519882717690089"
2024-10-02 01:00:00+00:00,396,0,"0,10519882717690089","0,10519882717690089","0,10519882717690089"
2024-10-02 02:00:00+00:00,396,0,"0,10519882717690089","0,10519882717690089","0,10519882717690089"
2024-10-02 03:00:00+00:00,396,0,"0,10519882717690089","0,10519882717690089","0,10519882717690089"
2024-10-02 04:00:00+00:00,396,0,"0,10519882717690089","0,10519882717690089","0,10519882717690089"
2024-10-02 05:00:00+00:00,396,0,"0,10519882717690089","0,10519882717690089","0,10519882717690089"
2024-10-02 06:00:00+00:00,396,0,"0,10519882717690089","0,10519882717690089","0,10519882717690089"
2024-10-02 07:00:00+00:00,396,0,"0,10519882717690089","0,10519882717690089","0,10519882717690089"
2024-10-02 08:00:00+00:00,396,0,"0,10519882717690089","0,10519882717690089","0,10519882717690089"
2024-10-02 09:00:00+00:00,396,0,"0,10519882717690089","0,10519882717690089","0,10519882717690089"
2024-10-02 10:00:00+00:00,396,0,"0,10519882717690089","0,10519882717690089","0,10519882717690089"
2024-10-02 11:00:00+00:00,396,0,"0,10519882717690089","0,10519882717690089","0,10519882717690089"
2024-10-02 12:00:00+00:00,396,0,"0,10519882717690089","0,10519882717690089","0,10519882717690089"
2024-10-02 13:00:00+00:00,396,0,"0,10519882717690089","0,10519882717690089","0,10519882717690089"
2024-10-02 14:00:00+00:00,396,0,"0,10519882717690089","0,10519882717690089","0,10519882717690089"
2024-10-02 15:00:00+00:00,396,0,"0,10519882717690089","0,10519882717690089","0,10519882717690089"
2024-10-02 16:00:00+00:00,396,0,"0,10519882717690089","0,10519882717690089","0,10519882717690089"
2024-10-02 17:00:00+00:00,396,0,"0,10519882717690089","0,10519882717690089","0,10519882717690089"
2024-10-02 18:00:00+00:00,396,0,"0,10519882717690089","0,10519882717690089","0,10519882717690089"
2024-10-02 19:00:00+00:00,396,0,"0,10519882717690089","0,10519882717690089","0,10519882717690089"
2024-10-02 20:00:00+00:00,396,0,"0,10519882717690089","0,10519882717690089","0,10519882717690089"
2024-10-02 21:00:00+00:00,396,0,"0,10519882717690089","0,10519882717690089","0,10519882717690089"
2024-10-02 22:00:00+00:00,396,0,"0,10519882717690089","0,10519882717690089","0,10519882717690089"
2024-10-02 23:00:00+00:00,396,0,"0,10519882717690089","0,10519882717690089","0,10519882717690089"
2024-10-01 00:00:00+00:00,397,0,,,
2024-10-01 01:00:00+00:00,397,0,"0,37079639605187803",,
2024-10-01 02:00:00+00:00,397,0,"0,37079639605187803",,
2024-10-01 03:00:00+00:00,397,0,"0,37079639605187803",,"0,37079639605187803"
2024-10-01 04:00:00+00:00,397,0,"0,37079639605187803",,"0,37079639605187803"
2024-10-01 05:00:00+00:00,397,0,"0,37079639605187803",,"0,37079639605187803"
2024-10-01 06:00:00+00:00,397,0,"0,37079639605187803",,"0,37079639605187803"
2024-10-01 07:00:00+00:00,397,0,"0,37079639605187803",,"0,37079639605187803"
2024-10-01 08:00:00+00:00,397,0,"0,37079639605187803",,"0,37079639605187803"
2024-10-01 09:00:00+00:00,397,0,"0,37079639605187803",,"0,37079639605187803"
2024-10-01 10:00:00+00:00,397,0,"0,37079639605187803",,"0,37079639605187803"
2024-10-01 11:00:00+00:00,397,0,"0,37079639605187803",,"0,37079639605187803"
2024-10-01 12:00:00+00:00,397,0,"0,37079639605187803",,"0,37079639605187803"
2024-10-01 13:00:00+00:00,397,0,"0,37079639605187803",,"0,37079639605187803"
2024-10-01 14:00:00+00:00,397,0,"0,37079639605187803",,"0,37079639605187803"
2024-10-01 15:00:00+00:00,397,0,"0,37079639605187803",,"0,37079639605187803"
2024-10-01 16:00:00+00:00,397,0,"0,37079639605187803",,"0,37079639605187803"
2024-10-01 17:00:00+00:00,397,0,"0,37079639605187803",,"0,37079639605187803"
2024-10-01 18:00:00+00:00,397,0,"0,37079639605187803",,"0,37079639605187803"
2024-10-01 19:00:00+00:00,397,0,"0,37079639605187803",,"0,37079639605187803"
2024-10-01 20:00:00+00:00,397,0,"0,37079639605187803",,"0,37079639605187803"
2024-10-01 21:00:00+00:00,397,0,"0,37079639605187803",,"0,37079639605187803"
2024-10-01 22:00:00+00:00,397,0,"0,37079639605187803",,"0,37079639605187803"
2024-10-01 23:00:00+00:00,397,0,"0,37079639605187803",,"0,37079639605187803"
2024-10-02 00:00:00+00:00,397,0,"0,37079639605187803","0,37079639605187803","0,37079639605187803"
2024-10-02 01:00:00+00:00,397,0,"0,37079639605187803","0,37079639605187803","0,37079639605187803"
2024-10-02 02:00:00+00:00,397,0,"0,37079639605187803","0,37079639605187803","0,37079639605187803"
2024-10-02 03:00:00+00:00,397,0,"0,37079639605187803","0,37079639605187803","0,37079639605187803"
2024-10-02 04:00:00+00:00,397,0,"0,37079639605187803","0,37079639605187803","0,37079639605187803"
2024-10-02 05:00:00+00:00,397,0,"0,37079639605187803","0,37079639605187803","0,37079639605187803"
2024-10-02 06:00:00+00:00,397,0,"0,37079639605187803","0,37079639605187803","0,37079639605187803"
2024-10-02 07:00:00+00:00,397,0,"0,37079639605187803","0,37079639605187803","0,37079639605187803"
2024-10-02 08:00:00+00:00,397,0,"0,37079639605187803","0,37079639605187803","0,37079639605187803"
2024-10-02 09:00:00+00:00,397,0,"0,37079639605187803","0,37079639605187803","0,37079639605187803"
2024-10-02 10:00:00+00:00,397,0,"0,37079639605187803","0,37079639605187803","0,37079639605187803"
2024-10-02 11:00:00+00:00,397,0,"0,37079639605187803","0,37079639605187803","0,37079639605187803"
2024-10-02 12:00:00+00:00,397,0,"0,37079639605187803","0,37079639605187803","0,37079639605187803"
2024-10-02 13:00:00+00:00,397,0,"0,37079639605187803","0,37079639605187803","0,37079639605187803"
2024-10-02 14:00:00+00:00,397,0,"0,37079639605187803","0,37079639605187803","0,37079639605187803"
2024-10-02 15:00:00+00:00,397,0,"0,37079639605187803","0,37079639605187803","0,37079639605187803"
2024-10-02 16:00:00+00:00,397,0,"0,37079639605187803","0,37079639605187803","0,37079639605187803"
2024-10-02 17:00:00+00:00,397,0,"0,37079639605187803","0,37079639605187803","0,37079639605187803"
2024-10-02 18:00:00+00:00,397,0,"0,37079639605187803","0,37079639605187803","0,37079639605187803"
2024-10-02 19:00:00+00:00,397,0,"0,37079639605187803","0,37079639605187803","0,37079639605187803"
2024-10-02 20:00:00+00:00,397,0,"0,37079639605187803","0,37079639605187803","0,37079639605187803"
2024-10-02 21:00:00+00:00,397,0,"0,37079639605187803","0,37079639605187803","0,37079639605187803"
2024-10-02 22:00:00+00:00,397,0,"0,37079639605187803","0,37079639605187803","0,37079639605187803"
2024-10-02 23:00:00+00:00,397,0,"0,37079639605187803","0,37079639605187803","0,37079639605187803"
2024-10-01 00:00:00+00:00,398,0,,,
2024-10-01 01:00:00+00:00,398,0,"0,10891149190039635",,
2024-10-01 02:00:00+00:00,398,0,"0,10891149190039635",,
2024-10-01 03:00:00+00:00,398,0,"0,10891149190039635",,"0,10891149190039635"
2024-10-01 04:00:00+00:00,398,0,"0,10891149190039635",,"0,10891149190039635"
2024-10-01 05:00:00+00:00,398,0,"0,10891149190039635",,"0,10891149190039635"
2024-10-01 06:00:00+00:00,398,0,"0,10891149190039635",,"0,10891149190039635"
2024-10-01 07:00:00+00:00,398,0,"0,10891149190039635",,"0,10891149190039635"
2024-10-01 08:00:00+00:00,398,0,"0,10891149190039635",,"0,10891149190039635"
2024-10-01 09:00:00+00:00,398,0,"0,10891149190039635",,"0,10891149190039635"
2024-10-01 10:00:00+00:00,398,0,"0,10891149190039635",,"0,10891149190039635"
2024-10-01 11:00:00+00:00,398,0,"0,10891149190039635",,"0,10891149190039635"
2024-10-01 12:00:00+00:00,398,0,"0,10891149190039635",,"0,10891149190039635"
2024-10-01 13:00:00+00:00,398,0,"0,10891149190039635",,"0,10891149190039635"
2024-10-01 14:00:00+00:00,398,0,"0,10891149190039635",,"0,10891149190039635"
2024-10-01 15:00:00+00:00,398,0,"0,10891149190039635",,"0,10891149190039635"
2024-10-01 16:00:00+00:00,398,0,"0,10891149190039635",,"0,10891149190039635"
2024-10-01 17:00:00+00:00,398,0,"0,10891149190039635",,"0,10891149190039635"
2024-10-01 18:00:00+00:00,398,0,"0,10891149190039635",,"0,10891149190039635"
2024-10-01 19:00:00+00:00,398,0,"0,10891149190039635",,"0,10891149190039635"
2024-10-01 20:00:00+00:00,398,0,"0,10891149190039635",,"0,10891149190039635"
2024-10-01 21:00:00+00:00,398,0,"0,10891149190039635",,"0,10891149190039635"
2024-10-01 22:00:00+00:00,398,0,"0,10891149190039635",,"0,10891149190039635"
2024-10-01 23:00:00+00:00,398,0,"0,10891149190039635",,"0,10891149190039635"
2024-10-02 00:00:00+00:00,398,0,"0,10891149190039635","0,10891149190039635","0,10891149190039635"
2024-10-02 01:00:00+00:00,398,0,"0,10891149190039635","0,10891149190039635","0,10891149190039635"
2024-10-02 02:00:00+00:00,398,0,"0,10891149190039635","0,10891149190039635","0,10891149190039635"
2024-10-02 03:00:00+00:00,398,0,"0,10891149190039635","0,10891149190039635","0,10891149190039635"
2024-10-02 04:00:00+00:00,398,0,"0,10891149190039635","0,10891149190039635","0,10891149190039635"
2024-10-02 05:00:00+00:00,398,0,"0,10891149190039635","0,10891149190039635","0,10891149190039635"
2024-10-02 06:00:00+00:00,398,0,"0,10891149190039635","0,10891149190039635","0,10891149190039635"
2024-10-02 07:00:00+00:00,398,0,"0,10891149190039635","0,10891149190039635","0,10891149190039635"
2024-10-02 08:00:00+00:00,398,0,"0,10891149190039635","0,10891149190039635","0,10891149190039635"
2024-10-02 09:00:00+00:00,398,0,"0,10891149190039635","0,10891149190039635","0,10891149190039635"
2024-10-02 10:00:00+00:00,398,0,"0,10891149190039635","0,10891149190039635","0,10891149190039635"
2024-10-02 11:00:00+00:00,398,0,"0,10891149190039635","0,10891149190039635","0,10891149190039635"
2024-10-02 12:00:00+00:00,398,0,"0,10891149190039635","0,10891149190039635","0,10891149190039635"
2024-10-02 13:00:00+00:00,398,0,"0,10891149190039635","0,10891149190039635","0,10891149190039635"
2024-10-02 14:00:00+00:00,398,0,"0,10891149190039635","0,10891149190039635","0,10891149190039635"
2024-10-02 15:00:00+00:00,398,0,"0,10891149190039635","0,10891149190039635","0,10891149190039635"
2024-10-02 16:00:00+00:00,398,0,"0,10891149190039635","0,10891149190039635","0,10891149190039635"
2024-10-02 17:00:00+00:00,398,0,"0,10891149190039635","0,10891149190039635","0,10891149190039635"
2024-10-02 18:00:00+00:00,398,0,"0,10891149190039635","0,10891149190039635","0,10891149190039635"
2024-10-02 19:00:00+00:00,398,0,"0,10891149190039635","0,10891149190039635","0,10891149190039635"
2024-10-02 20:00:00+00:00,398,0,"0,10891149190039635","0,10891149190039635","0,10891149190039635"
2024-10-02 21:00:00+00:00,398,0,"0,10891149190039635","0,10891149190039635","0,10891149190039635"
2024-10-02 22:00:00+00:00,398,0,"0,10891149190039635","0,10891149190039635","0,10891149190039635"
2024-10-02 23:00:00+00:00,398,0,"0,10891149190039635","0,10891149190039635","0,10891149190039635"
2024-10-01 00:00:00+00:00,399,0,,,
2024-10-01 01:00:00+00:00,399,0,"0,3754976453481735",,
2024-10-01 02:00:00+00:00,399,0,"0,3754976453481735",,
2024-10-01 03:00:00+00:00,399,0,"0,3754976453481735",,"0,3754976453481735"
2024-10-01 04:00:00+00:00,399,0,"0,3754976453481735",,"0,3754976453481735"
2024-10-01 05:00:00+00:00,399,0,"0,3754976453481735",,"0,3754976453481735"
2024-10-01 06:00:00+00:00,399,0,"0,3754976453481735",,"0,3754976453481735"
2024-10-01 07:00:00+00:00,399,0,"0,3754976453481735",,"0,3754976453481735"
2024-10-01 08:00:00+00:00,399,0,"0,3754976453481735",,"0,3754976453481735"
2024-10-01 09:00:00+00:00,399,0,"0,3754976453481735",,"0,3754976453481735"
2024-10-01 10:00:00+00:00,399,0,"0,3754976453481735",,"0,3754976453481735"
2024-10-01 11:00:00+00:00,399,0,"0,3754976453481735",,"0,3754976453481735"
2024-10-01 12:00:00+00:00,399,0,"0,3754976453481735",,"0,3754976453481735"
2024-10-01 13:00:00+00:00,399,0,"0,3754976453481735",,"0,3754976453481735"
2024-10-01 14:00:00+00:00,399,0,"0,3754976453481735",,"0,3754976453481735"
2024-10-01 15:00:00+00:00,399,0,"0,3754976453481735",,"0,3754976453481735"
2024-10-01 16:00:00+00:00,399,0,"0,3754976453481735",,"0,3754976453481735"
2024-10-01 17:00:00+00:00,399,0,"0,3754976453481735",,"0,3754976453481735"
2024-10-01 18:00:00+00:00,399,0,"0,3754976453481735",,"0,3754976453481735"
2024-10-01 19:00:00+00:00,399,0,"0,3754976453481735",,"0,3754976453481735"
2024-10-01 20:00:00+00:00,399,0,"0,3754976453481735",,"0,3754976453481735"
2024-10-01 21:00:00+00:00,399,0,"0,3754976453481735",,"0,3754976453481735"
2024-10-01 22:00:00+00:00,399,0,"0,3754976453481735",,"0,3754976453481735"
2024-10-01 23:00:00+00:00,399,0,"0,3754976453481735",,"0,3754976453481735"
2024-10-02 00:00:00+00:00,399,0,"0,3754976453481735","0,3754976453481735","0,3754976453481735"
2024-10-02 01:00:00+00:00,399,0,"0,3754976453481735","0,3754976453481735","0,3754976453481735"
2024-10-02 02:00:00+00:00,399,0,"0,3754976453481735","0,3754976453481735","0,3754976453481735"
2024-10-02 03:00:00+00:00,399,0,"0,3754976453481735","0,3754976453481735","0,3754976453481735"
2024-10-02 04:00:00+00:00,399,0,"0,3754976453481735","0,3754976453481735","0,3754976453481735"
2024-10-02 05:00:00+00:00,399,0,"0,3754976453481735","0,3754976453481735","0,3754976453481735"
2024-10-02 06:00:00+00:00,399,0,"0,3754976453481735","0,3754976453481735","0,3754976453481735"
2024-10-02 07:00:00+00:00,399,0,"0,3754976453481735","0,3754976453481735","0,3754976453481735"
2024-10-02 08:00:00+00:00,399,0,"0,3754976453481735","0,3754976453481735","0,3754976453481735"
2024-10-02 09:00:00+00:00,399,0,"0,3754976453481735","0,3754976453481735","0,3754976453481735"
2024-10-02 10:00:00+00:00,399,0,"0,3754976453481735","0,3754976453481735","0,3754976453481735"
2024-10-02 11:00:00+00:00,399,0,"0,3754976453481735","0,3754976453481735","0,3754976453481735"
2024-10-02 12:00:00+00:00,399,0,"0,3754976453481735","0,3754976453481735","0,3754976453481735"
2024-10-02 13:00:00+00:00,399,0,"0,3754976453481735","0,3754976453481735","0,3754976453481735"
2024-10-02 14:00:00+00:00,399,0,"0,3754976453481735","0,3754976453481735","0,3754976453481735"
2024-10-02 15:00:00+00:00,399,0,"0,3754976453481735","0,3754976453481735","0,3754976453481735"
2024-10-02 16:00:00+00:00,399,0,"0,3754976453481735","0,3754976453481735","0,3754976453481735"
2024-10-02 17:00:00+00:00,399,0,"0,3754976453481735","0,3754976453481735","0,3754976453481735"
2024-10-02 18:00:00+00:00,399,0,"0,3754976453481735","0,3754976453481735","0,3754976453481735"
2024-10-02 19:00:00+00:00,399,0,"0,3754976453481735","0,3754976453481735","0,3754976453481735"
2024-10-02 20:00:00+00:00,399,0,"0,3754976453481735","0,3754976453481735","0,3754976453481735"
2024-10-02 21:00:00+00:00,399,0,"0,3754976453481735","0,3754976453481735","0,3754976453481735"
2024-10-02 22:00:00+00:00,399,0,"0,3754976453481735","0,3754976453481735","0,3754976453481735"
2024-10-02 23:00:00+00:00,399,0,"0,3754976453481735","0,3754976453481735","0,3754976453481735"
2024-10-01 00:00:00+00:00,400,0,,,
2024-10-01 01:00:00+00:00,400,0,"35,951,592,911,290,100",,
2024-10-01 02:00:00+00:00,400,0,"35,951,592,911,290,100",,
2024-10-01 03:00:00+00:00,400,0,"35,951,592,911,290,100",,"35,951,592,911,290,100"
2024-10-01 04:00:00+00:00,400,0,"35,951,592,911,290,100",,"35,951,592,911,290,100"
2024-10-01 05:00:00+00:00,400,0,"35,951,592,911,290,100",,"35,951,592,911,290,100"
2024-10-01 06:00:00+00:00,400,0,"35,951,592,911,290,100",,"35,951,592,911,290,100"
2024-10-01 07:00:00+00:00,400,0,"35,951,592,911,290,100",,"35,951,592,911,290,100"
2024-10-01 08:00:00+00:00,400,0,"35,951,592,911,290,100",,"35,951,592,911,290,100"
2024-10-01 09:00:00+00:00,400,0,"35,951,592,911,290,100",,"35,951,592,911,290,100"
2024-10-01 10:00:00+00:00,400,0,"35,951,592,911,290,100",,"35,951,592,911,290,100"
2024-10-01 11:00:00+00:00,400,0,"35,951,592,911,290,100",,"35,951,592,911,290,100"
2024-10-01 12:00:00+00:00,400,0,"35,951,592,911,290,100",,"35,951,592,911,290,100"
2024-10-01 13:00:00+00:00,400,0,"35,951,592,911,290,100",,"35,951,592,911,290,100"
2024-10-01 14:00:00+00:00,400,0,"35,951,592,911,290,100",,"35,951,592,911,290,100"
2024-10-01 15:00:00+00:00,400,0,"35,951,592,911,290,100",,"35,951,592,911,290,100"
2024-10-01 16:00:00+00:00,400,0,"35,951,592,911,290,100",,"35,951,592,911,290,100"
2024-10-01 17:00:00+00:00,400,0,"35,951,592,911,290,100",,"35,951,592,911,290,100"
2024-10-01 18:00:00+00:00,400,0,"35,951,592,911,290,100",,"35,951,592,911,290,100"
2024-10-01 19:00:00+00:00,400,0,"35,951,592,911,290,100",,"35,951,592,911,290,100"
2024-10-01 20:00:00+00:00,400,0,"35,951,592,911,290,100",,"35,951,592,911,290,100"
2024-10-01 21:00:00+00:00,400,0,"35,951,592,911,290,100",,"35,951,592,911,290,100"
2024-10-01 22:00:00+00:00,400,0,"35,951,592,911,290,100",,"35,951,592,911,290,100"
2024-10-01 23:00:00+00:00,400,0,"35,951,592,911,290,100",,"35,951,592,911,290,100"
2024-10-02 00:00:00+00:00,400,0,"35,951,592,911,290,100","35,951,592,911,290,100","35,951,592,911,290,100"
2024-10-02 01:00:00+00:00,400,0,"35,951,592,911,290,100","35,951,592,911,290,100","35,951,592,911,290,100"
2024-10-02 02:00:00+00:00,400,0,"35,951,592,911,290,100","35,951,592,911,290,100","35,951,592,911,290,100"
2024-10-02 03:00:00+00:00,400,0,"35,951,592,911,290,100","35,951,592,911,290,100","35,951,592,911,290,100"
2024-10-02 04:00:00+00:00,400,0,"35,951,592,911,290,100","35,951,592,911,290,100","35,951,592,911,290,100"
2024-10-02 05:00:00+00:00,400,0,"35,951,592,911,290,100","35,951,592,911,290,100","35,951,592,911,290,100"
2024-10-02 06:00:00+00:00,400,0,"35,951,592,911,290,100","35,951,592,911,290,100","35,951,592,911,290,100"
2024-10-02 07:00:00+00:00,400,0,"35,951,592,911,290,100","35,951,592,911,290,100","35,951,592,911,290,100"
2024-10-02 08:00:00+00:00,400,0,"35,951,592,911,290,100","35,951,592,911,290,100","35,951,592,911,290,100"
2024-10-02 09:00:00+00:00,400,0,"35,951,592,911,290,100","35,951,592,911,290,100","35,951,592,911,290,100"
2024-10-02 10:00:00+00:00,400,0,"35,951,592,911,290,100","35,951,592,911,290,100","35,951,592,911,290,100"
2024-10-02 11:00:00+00:00,400,0,"35,951,592,911,290,100","35,951,592,911,290,100","35,951,592,911,290,100"
2024-10-02 12:00:00+00:00,400,0,"35,951,592,911,290,100","35,951,592,911,290,100","35,951,592,911,290,100"
2024-10-02 13:00:00+00:00,400,0,"35,951,592,911,290,100","35,951,592,911,290,100","35,951,592,911,290,100"
2024-10-02 14:00:00+00:00,400,0,"35,951,592,911,290,100","35,951,592,911,290,100","35,951,592,911,290,100"
2024-10-02 15:00:00+00:00,400,0,"35,951,592,911,290,100","35,951,592,911,290,100","35,951,592,911,290,100"
2024-10-02 16:00:00+00:00,400,0,"35,951,592,911,290,100","35,951,592,911,290,100","35,951,592,911,290,100"
2024-10-02 17:00:00+00:00,400,0,"35,951,592,911,290,100","35,951,592,911,290,100","35,951,592,911,290,100"
2024-10-02 18:00:00+00:00,400,0,"35,951,592,911,290,100","35,951,592,911,290,100","35,951,592,911,290,100"
2024-10-02 19:00:00+00:00,400,0,"35,951,592,911,290,100","35,951,592,911,290,100","35,951,592,911,290,100"
2024-10-02 20:00:00+00:00,400,0,"35,951,592,911,290,100","35,951,592,911,290,100","35,951,592,911,290,100"
2024-10-02 21:00:00+00:00,400,0,"35,951,592,911,290,100","35,951,592,911,290,100","35,951,592,911,290,100"
2024-10-02 22:00:00+00:00,400,0,"35,951,592,911,290,100","35,951,592,911,290,100","35,951,592,911,290,100"
2024-10-02 23:00:00+00:00,400,0,"35,951,592,911,290,100","35,951,592,911,290,100","35,951,592,911,290,100"
2024-10-01 00:00:00+00:00,401,0,,,
2024-10-01 01:00:00+00:00,401,0,"0,10996312833872585",,
2024-10-01 02:00:00+00:00,401,0,"0,10996312833872585",,
2024-10-01 03:00:00+00:00,401,0,"0,10996312833872585",,"0,10996312833872585"
2024-10-01 04:00:00+00:00,401,0,"0,10996312833872585",,"0,10996312833872585"
2024-10-01 05:00:00+00:00,401,0,"0,10996312833872585",,"0,10996312833872585"
2024-10-01 06:00:00+00:00,401,0,"0,10996312833872585",,"0,10996312833872585"
2024-10-01 07:00:00+00:00,401,0,"0,10996312833872585",,"0,10996312833872585"
2024-10-01 08:00:00+00:00,401,0,"0,10996312833872585",,"0,10996312833872585"
2024-10-01 09:00:00+00:00,401,0,"0,10996312833872585",,"0,10996312833872585"
2024-10-01 10:00:00+00:00,401,0,"0,10996312833872585",,"0,10996312833872585"
2024-10-01 11:00:00+00:00,401,0,"0,10996312833872585",,"0,10996312833872585"
2024-10-01 12:00:00+00:00,401,0,"0,10996312833872585",,"0,10996312833872585"
2024-10-01 13:00:00+00:00,401,0,"0,10996312833872585",,"0,10996312833872585"
2024-10-01 14:00:00+00:00,401,0,"0,10996312833872585",,"0,10996312833872585"
2024-10-01 15:00:00+00:00,401,0,"0,10996312833872585",,"0,10996312833872585"
2024-10-01 16:00:00+00:00,401,0,"0,10996312833872585",,"0,10996312833872585"
2024-10-01 17:00:00+00:00,401,0,"0,10996312833872585",,"0,10996312833872585"
2024-10-01 18:00:00+00:00,401,0,"0,10996312833872585",,"0,10996312833872585"
2024-10-01 19:00:00+00:00,401,0,"0,10996312833872585",,"0,10996312833872585"
2024-10-01 20:00:00+00:00,401,0,"0,10996312833872585",,"0,10996312833872585"
2024-10-01 21:00:00+00:00,401,0,"0,10996312833872585",,"0,10996312833872585"
2024-10-01 22:00:00+00:00,401,0,"0,10996312833872585",,"0,10996312833872585"
2024-10-01 23:00:00+00:00,401,0,"0,10996312833872585",,"0,10996312833872585"
2024-10-02 00:00:00+00:00,401,0,"0,10996312833872585","0,10996312833872585","0,10996312833872585"
2024-10-02 01:00:00+00:00,401,0,"0,10996312833872585","0,10996312833872585","0,10996312833872585"
2024-10-02 02:00:00+00:00,401,0,"0,10996312833872585","0,10996312833872585","0,10996312833872585"
2024-10-02 03:00:00+00:00,401,0,"0,10996312833872585","0,10996312833872585","0,10996312833872585"
2024-10-02 04:00:00+00:00,401,0,"0,10996312833872585","0,10996312833872585","0,10996312833872585"
2024-10-02 05:00:00+00:00,401,0,"0,10996312833872585","0,10996312833872585","0,10996312833872585"
2024-10-02 06:00:00+00:00,401,0,"0,10996312833872585","0,10996312833872585","0,10996312833872585"
2024-10-02 07:00:00+00:00,401,0,"0,10996312833872585","0,10996312833872585","0,10996312833872585"
2024-10-02 08:00:00+00:00,401,0,"0,10996312833872585","0,10996312833872585","0,10996312833872585"
2024-10-02 09:00:00+00:00,401,0,"0,10996312833872585","0,10996312833872585","0,10996312833872585"
2024-10-02 10:00:00+00:00,401,0,"0,10996312833872585","0,10996312833872585","0,10996312833872585"
2024-10-02 11:00:00+00:00,401,0,"0,10996312833872585","0,10996312833872585","0,10996312833872585"
2024-10-02 12:00:00+00:00,401,0,"0,10996312833872585","0,10996312833872585","0,10996312833872585"
2024-10-02 13:00:00+00:00,401,0,"0,10996312833872585","0,10996312833872585","0,10996312833872585"
2024-10-02 14:00:00+00:00,401,0,"0,10996312833872585","0,10996312833872585","0,10996312833872585"
2024-10-02 15:00:00+00:00,401,0,"0,10996312833872585","0,10996312833872585","0,10996312833872585"
2024-10-02 16:00:00+00:00,401,0,"0,10996312833872585","0,10996312833872585","0,10996312833872585"
2024-10-02 17:00:00+00:00,401,0,"0,10996312833872585","0,10996312833872585","0,10996312833872585"
2024-10-02 18:00:00+00:00,401,0,"0,10996312833872585","0,10996312833872585","0,10996312833872585"
2024-10-02 19:00:00+00:00,401,0,"0,10996312833872585","0,10996312833872585","0,10996312833872585"
2024-10-02 20:00:00+00:00,401,0,"0,10996312833872585","0,10996312833872585","0,10996312833872585"
2024-10-02 21:00:00+00:00,401,0,"0,10996312833872585","0,10996312833872585","0,10996312833872585"
2024-10-02 22:00:00+00:00,401,0,"0,10996312833872585","0,10996312833872585","0,10996312833872585"
2024-10-02 23:00:00+00:00,401,0,"0,10996312833872585","0,10996312833872585","0,10996312833872585"
2024-10-01 00:00:00+00:00,402,0,,,
2024-10-01 01:00:00+00:00,402,0,"0,4885473356061611",,
2024-10-01 02:00:00+00:00,402,0,"0,4885473356061611",,
2024-10-01 03:00:00+00:00,402,0,"0,4885473356061611",,"0,4885473356061611"
2024-10-01 04:00:00+00:00,402,0,"0,4885473356061611",,"0,4885473356061611"
2024-10-01 05:00:00+00:00,402,0,"0,4885473356061611",,"0,4885473356061611"
2024-10-01 06:00:00+00:00,402,0,"0,4885473356061611",,"0,4885473356061611"
2024-10-01 07:00:00+00:00,402,0,"0,4885473356061611",,"0,4885473356061611"
2024-10-01 08:00:00+00:00,402,0,"0,4885473356061611",,"0,4885473356061611"
2024-10-01 09:00:00+00:00,402,0,"0,4885473356061611",,"0,4885473356061611"
2024-10-01 10:00:00+00:00,402,0,"0,4885473356061611",,"0,4885473356061611"
2024-10-01 11:00:00+00:00,402,0,"0,4885473356061611",,"0,4885473356061611"
2024-10-01 12:00:00+00:00,402,0,"0,4885473356061611",,"0,4885473356061611"
2024-10-01 13:00:00+00:00,402,0,"0,4885473356061611",,"0,4885473356061611"
2024-10-01 14:00:00+00:00,402,0,"0,4885473356061611",,"0,4885473356061611"
2024-10-01 15:00:00+00:00,402,0,"0,4885473356061611",,"0,4885473356061611"
2024-10-01 16:00:00+00:00,402,0,"0,4885473356061611",,"0,4885473356061611"
2024-10-01 17:00:00+00:00,402,0,"0,4885473356061611",,"0,4885473356061611"
2024-10-01 18:00:00+00:00,402,0,"0,4885473356061611",,"0,4885473356061611"
2024-10-01 19:00:00+00:00,402,0,"0,4885473356061611",,"0,4885473356061611"
2024-10-01 20:00:00+00:00,402,0,"0,4885473356061611",,"0,4885473356061611"
2024-10-01 21:00:00+00:00,402,0,"0,4885473356061611",,"0,4885473356061611"
2024-10-01 22:00:00+00:00,402,0,"0,4885473356061611",,"0,4885473356061611"
2024-10-01 23:00:00+00:00,402,0,"0,4885473356061611",,"0,4885473356061611"
2024-10-02 00:00:00+00:00,402,0,"0,4885473356061611","0,4885473356061611","0,4885473356061611"
2024-10-02 01:00:00+00:00,402,0,"0,4885473356061611","0,4885473356061611","0,4885473356061611"
2024-10-02 02:00:00+00:00,402,0,"0,4885473356061611","0,4885473356061611","0,4885473356061611"
2024-10-02 03:00:00+00:00,402,0,"0,4885473356061611","0,4885473356061611","0,4885473356061611"
2024-10-02 04:00:00+00:00,402,0,"0,4885473356061611","0,4885473356061611","0,4885473356061611"
2024-10-02 05:00:00+00:00,402,0,"0,4885473356061611","0,4885473356061611","0,4885473356061611"
2024-10-02 06:00:00+00:00,402,0,"0,4885473356061611","0,4885473356061611","0,4885473356061611"
2024-10-02 07:00:00+00:00,402,0,"0,4885473356061611","0,4885473356061611","0,4885473356061611"
2024-10-02 08:00:00+00:00,402,0,"0,4885473356061611","0,4885473356061611","0,4885473356061611"
2024-10-02 09:00:00+00:00,402,0,"0,4885473356061611","0,4885473356061611","0,4885473356061611"
2024-10-02 10:00:00+00:00,402,0,"0,4885473356061611","0,4885473356061611","0,4885473356061611"
2024-10-02 11:00:00+00:00,402,0,"0,4885473356061611","0,4885473356061611","0,4885473356061611"
2024-10-02 12:00:00+00:00,402,0,"0,4885473356061611","0,4885473356061611","0,4885473356061611"
2024-10-02 13:00:00+00:00,402,0,"0,4885473356061611","0,4885473356061611","0,4885473356061611"
2024-10-02 14:00:00+00:00,402,0,"0,4885473356061611","0,4885473356061611","0,4885473356061611"
2024-10-02 15:00:00+00:00,402,0,"0,4885473356061611","0,4885473356061611","0,4885473356061611"
2024-10-02 16:00:00+00:00,402,0,"0,4885473356061611","0,4885473356061611","0,4885473356061611"
2024-10-02 17:00:00+00:00,402,0,"0,4885473356061611","0,4885473356061611","0,4885473356061611"
2024-10-02 18:00:00+00:00,402,0,"0,4885473356061611","0,4885473356061611","0,4885473356061611"
2024-10-02 19:00:00+00:00,402,0,"0,4885473356061611","0,4885473356061611","0,4885473356061611"
2024-10-02 20:00:00+00:00,402,0,"0,4885473356061611","0,4885473356061611","0,4885473356061611"
2024-10-02 21:00:00+00:00,402,0,"0,4885473356061611","0,4885473356061611","0,4885473356061611"
2024-10-02 22:00:00+00:00,402,0,"0,4885473356061611","0,4885473356061611","0,4885473356061611"
2024-10-02 23:00:00+00:00,402,0,"0,4885473356061611","0,4885473356061611","0,4885473356061611"
2024-10-01 00:00:00+00:00,403,0,,,
2024-10-01 01:00:00+00:00,403,0,"2,761,705,514,614,070",,
2024-10-01 02:00:00+00:00,403,0,"2,761,705,514,614,070",,
2024-10-01 03:00:00+00:00,403,0,"2,761,705,514,614,070",,"2,761,705,514,614,070"
2024-10-01 04:00:00+00:00,403,0,"2,761,705,514,614,070",,"2,761,705,514,614,070"
2024-10-01 05:00:00+00:00,403,0,"2,761,705,514,614,070",,"2,761,705,514,614,070"
2024-10-01 06:00:00+00:00,403,0,"2,761,705,514,614,070",,"2,761,705,514,614,070"
2024-10-01 07:00:00+00:00,403,0,"2,761,705,514,614,070",,"2,761,705,514,614,070"
2024-10-01 08:00:00+00:00,403,0,"2,761,705,514,614,070",,"2,761,705,514,614,070"
2024-10-01 09:00:00+00:00,403,0,"2,761,705,514,614,070",,"2,761,705,514,614,070"
2024-10-01 10:00:00+00:00,403,0,"2,761,705,514,614,070",,"2,761,705,514,614,070"
2024-10-01 11:00:00+00:00,403,0,"2,761,705,514,614,070",,"2,761,705,514,614,070"
2024-10-01 12:00:00+00:00,403,0,"2,761,705,514,614,070",,"2,761,705,514,614,070"
2024-10-01 13:00:00+00:00,403,0,"2,761,705,514,614,070",,"2,761,705,514,614,070"
2024-10-01 14:00:00+00:00,403,0,"2,761,705,514,614,070",,"2,761,705,514,614,070"
2024-10-01 15:00:00+00:00,403,0,"2,761,705,514,614,070",,"2,761,705,514,614,070"
2024-10-01 16:00:00+00:00,403,0,"2,761,705,514,614,070",,"2,761,705,514,614,070"
2024-10-01 17:00:00+00:00,403,0,"2,761,705,514,614,070",,"2,761,705,514,614,070"
2024-10-01 18:00:00+00:00,403,0,"2,761,705,514,614,070",,"2,761,705,514,614,070"
2024-10-01 19:00:00+00:00,403,0,"2,761,705,514,614,070",,"2,761,705,514,614,070"
2024-10-01 20:00:00+00:00,403,0,"2,761,705,514,614,070",,"2,761,705,514,614,070"
2024-10-01 21:00:00+00:00,403,0,"2,761,705,514,614,070",,"2,761,705,514,614,070"
2024-10-01 22:00:00+00:00,403,0,"2,761,705,514,614,070",,"2,761,705,514,614,070"
2024-10-01 23:00:00+00:00,403,0,"2,761,705,514,614,070",,"2,761,705,514,614,070"
2024-10-02 00:00:00+00:00,403,0,"2,761,705,514,614,070","2,761,705,514,614,070","2,761,705,514,614,070"
2024-10-02 01:00:00+00:00,403,0,"2,761,705,514,614,070","2,761,705,514,614,070","2,761,705,514,614,070"
2024-10-02 02:00:00+00:00,403,0,"2,761,705,514,614,070","2,761,705,514,614,070","2,761,705,514,614,070"
2024-10-02 03:00:00+00:00,403,0,"2,761,705,514,614,070","2,761,705,514,614,070","2,761,705,514,614,070"
2024-10-02 04:00:00+00:00,403,0,"2,761,705,514,614,070","2,761,705,514,614,070","2,761,705,514,614,070"
2024-10-02 05:00:00+00:00,403,0,"2,761,705,514,614,070","2,761,705,514,614,070","2,761,705,514,614,070"
2024-10-02 06:00:00+00:00,403,0,"2,761,705,514,614,070","2,761,705,514,614,070","2,761,705,514,614,070"
2024-10-02 07:00:00+00:00,403,0,"2,761,705,514,614,070","2,761,705,514,614,070","2,761,705,514,614,070"
2024-10-02 08:00:00+00:00,403,0,"2,761,705,514,614,070","2,761,705,514,614,070","2,761,705,514,614,070"
2024-10-02 09:00:00+00:00,403,0,"2,761,705,514,614,070","2,761,705,514,614,070","2,761,705,514,614,070"
2024-10-02 10:00:00+00:00,403,0,"2,761,705,514,614,070","2,761,705,514,614,070","2,761,705,514,614,070"
2024-10-02 11:00:00+00:00,403,0,"2,761,705,514,614,070","2,761,705,514,614,070","2,761,705,514,614,070"
2024-10-02 12:00:00+00:00,403,0,"2,761,705,514,614,070","2,761,705,514,614,070","2,761,705,514,614,070"
2024-10-02 13:00:00+00:00,403,0,"2,761,705,514,614,070","2,761,705,514,614,070","2,761,705,514,614,070"
2024-10-02 14:00:00+00:00,403,0,"2,761,705,514,614,070","2,761,705,514,614,070","2,761,705,514,614,070"
2024-10-02 15:00:00+00:00,403,0,"2,761,705,514,614,070","2,761,705,514,614,070","2,761,705,514,614,070"
2024-10-02 16:00:00+00:00,403,0,"2,761,705,514,614,070","2,761,705,514,614,070","2,761,705,514,614,070"
2024-10-02 17:00:00+00:00,403,0,"2,761,705,514,614,070","2,761,705,514,614,070","2,761,705,514,614,070"
2024-10-02 18:00:00+00:00,403,0,"2,761,705,514,614,070","2,761,705,514,614,070","2,761,705,514,614,070"
2024-10-02 19:00:00+00:00,403,0,"2,761,705,514,614,070","2,761,705,514,614,070","2,761,705,514,614,070"
2024-10-02 20:00:00+00:00,403,0,"2,761,705,514,614,070","2,761,705,514,614,070","2,761,705,514,614,070"
2024-10-02 21:00:00+00:00,403,0,"2,761,705,514,614,070","2,761,705,514,614,070","2,761,705,514,614,070"
2024-10-02 22:00:00+00:00,403,0,"2,761,705,514,614,070","2,761,705,514,614,070","2,761,705,514,614,070"
2024-10-02 23:00:00+00:00,403,0,"2,761,705,514,614,070","2,761,705,514,614,070","2,761,705,514,614,070"
2024-10-01 00:00:00+00:00,404,0,,,
2024-10-01 01:00:00+00:00,404,0,"0,09527045447353252",,
2024-10-01 02:00:00+00:00,404,0,"0,09527045447353252",,
2024-10-01 03:00:00+00:00,404,0,"0,09527045447353252",,"0,09527045447353252"
2024-10-01 04:00:00+00:00,404,0,"0,09527045447353252",,"0,09527045447353252"
2024-10-01 05:00:00+00:00,404,0,"0,09527045447353252",,"0,09527045447353252"
2024-10-01 06:00:00+00:00,404,0,"0,09527045447353252",,"0,09527045447353252"
2024-10-01 07:00:00+00:00,404,0,"0,09527045447353252",,"0,09527045447353252"
2024-10-01 08:00:00+00:00,404,0,"0,09527045447353252",,"0,09527045447353252"
2024-10-01 09:00:00+00:00,404,0,"0,09527045447353252",,"0,09527045447353252"
2024-10-01 10:00:00+00:00,404,0,"0,09527045447353252",,"0,09527045447353252"
2024-10-01 11:00:00+00:00,404,0,"0,09527045447353252",,"0,09527045447353252"
2024-10-01 12:00:00+00:00,404,0,"0,09527045447353252",,"0,09527045447353252"
2024-10-01 13:00:00+00:00,404,0,"0,09527045447353252",,"0,09527045447353252"
2024-10-01 14:00:00+00:00,404,0,"0,09527045447353252",,"0,09527045447353252"
2024-10-01 15:00:00+00:00,404,0,"0,09527045447353252",,"0,09527045447353252"
2024-10-01 16:00:00+00:00,404,0,"0,09527045447353252",,"0,09527045447353252"
2024-10-01 17:00:00+00:00,404,0,"0,09527045447353252",,"0,09527045447353252"
2024-10-01 18:00:00+00:00,404,0,"0,09527045447353252",,"0,09527045447353252"
2024-10-01 19:00:00+00:00,404,0,"0,09527045447353252",,"0,09527045447353252"
2024-10-01 20:00:00+00:00,404,0,"0,09527045447353252",,"0,09527045447353252"
2024-10-01 21:00:00+00:00,404,0,"0,09527045447353252",,"0,09527045447353252"
2024-10-01 22:00:00+00:00,404,0,"0,09527045447353252",,"0,09527045447353252"
2024-10-01 23:00:00+00:00,404,0,"0,09527045447353252",,"0,09527045447353252"
2024-10-02 00:00:00+00:00,404,0,"0,09527045447353252","0,09527045447353252","0,09527045447353252"
2024-10-02 01:00:00+00:00,404,0,"0,09527045447353252","0,09527045447353252","0,09527045447353252"
2024-10-02 02:00:00+00:00,404,0,"0,09527045447353252","0,09527045447353252","0,09527045447353252"
2024-10-02 03:00:00+00:00,404,0,"0,09527045447353252","0,09527045447353252","0,09527045447353252"
2024-10-02 04:00:00+00:00,404,0,"0,09527045447353252","0,09527045447353252","0,09527045447353252"
2024-10-02 05:00:00+00:00,404,0,"0,09527045447353252","0,09527045447353252","0,09527045447353252"
2024-10-02 06:00:00+00:00,404,0,"0,09527045447353252","0,09527045447353252","0,09527045447353252"
2024-10-02 07:00:00+00:00,404,0,"0,09527045447353252","0,09527045447353252","0,09527045447353252"
2024-10-02 08:00:00+00:00,404,0,"0,09527045447353252","0,09527045447353252","0,09527045447353252"
2024-10-02 09:00:00+00:00,404,0,"0,09527045447353252","0,09527045447353252","0,09527045447353252"
2024-10-02 10:00:00+00:00,404,0,"0,09527045447353252","0,09527045447353252","0,09527045447353252"
2024-10-02 11:00:00+00:00,404,0,"0,09527045447353252","0,09527045447353252","0,09527045447353252"
2024-10-02 12:00:00+00:00,404,0,"0,09527045447353252","0,09527045447353252","0,09527045447353252"
2024-10-02 13:00:00+00:00,404,0,"0,09527045447353252","0,09527045447353252","0,09527045447353252"
2024-10-02 14:00:00+00:00,404,0,"0,09527045447353252","0,09527045447353252","0,09527045447353252"
2024-10-02 15:00:00+00:00,404,0,"0,09527045447353252","0,09527045447353252","0,09527045447353252"
2024-10-02 16:00:00+00:00,404,0,"0,09527045447353252","0,09527045447353252","0,09527045447353252"
2024-10-02 17:00:00+00:00,404,0,"0,09527045447353252","0,09527045447353252","0,09527045447353252"
2024-10-02 18:00:00+00:00,404,0,"0,09527045447353252","0,09527045447353252","0,09527045447353252"
2024-10-02 19:00:00+00:00,404,0,"0,09527045447353252","0,09527045447353252","0,09527045447353252"
2024-10-02 20:00:00+00:00,404,0,"0,09527045447353252","0,09527045447353252","0,09527045447353252"
2024-10-02 21:00:00+00:00,404,0,"0,09527045447353252","0,09527045447353252","0,09527045447353252"
2024-10-02 22:00:00+00:00,404,0,"0,09527045447353252","0,09527045447353252","0,09527045447353252"
2024-10-02 23:00:00+00:00,404,0,"0,09527045447353252","0,09527045447353252","0,09527045447353252"
2024-10-01 00:00:00+00:00,405,0,,,
2024-10-01 01:00:00+00:00,405,0,"0,3670900370015786",,
2024-10-01 02:00:00+00:00,405,0,"0,3670900370015786",,
2024-10-01 03:00:00+00:00,405,0,"0,3670900370015786",,"0,3670900370015786"
2024-10-01 04:00:00+00:00,405,0,"0,3670900370015786",,"0,3670900370015786"
2024-10-01 05:00:00+00:00,405,0,"0,3670900370015786",,"0,3670900370015786"
2024-10-01 06:00:00+00:00,405,0,"0,3670900370015786",,"0,3670900370015786"
2024-10-01 07:00:00+00:00,405,0,"0,3670900370015786",,"0,3670900370015786"
2024-10-01 08:00:00+00:00,405,0,"0,3670900370015786",,"0,3670900370015786"
2024-10-01 09:00:00+00:00,405,0,"0,3670900370015786",,"0,3670900370015786"
2024-10-01 10:00:00+00:00,405,0,"0,3670900370015786",,"0,3670900370015786"
2024-10-01 11:00:00+00:00,405,0,"0,3670900370015786",,"0,3670900370015786"
2024-10-01 12:00:00+00:00,405,0,"0,3670900370015786",,"0,3670900370015786"
2024-10-01 13:00:00+00:00,405,0,"0,3670900370015786",,"0,3670900370015786"
2024-10-01 14:00:00+00:00,405,0,"0,3670900370015786",,"0,3670900370015786"
2024-10-01 15:00:00+00:00,405,0,"0,3670900370015786",,"0,3670900370015786"
2024-10-01 16:00:00+00:00,405,0,"0,3670900370015786",,"0,3670900370015786"
2024-10-01 17:00:00+00:00,405,0,"0,3670900370015786",,"0,3670900370015786"
2024-10-01 18:00:00+00:00,405,0,"0,3670900370015786",,"0,3670900370015786"
2024-10-01 19:00:00+00:00,405,0,"0,3670900370015786",,"0,3670900370015786"
2024-10-01 20:00:00+00:00,405,0,"0,3670900370015786",,"0,3670900370015786"
2024-10-01 21:00:00+00:00,405,0,"0,3670900370015786",,"0,3670900370015786"
2024-10-01 22:00:00+00:00,405,0,"0,3670900370015786",,"0,3670900370015786"
2024-10-01 23:00:00+00:00,405,0,"0,3670900370015786",,"0,3670900370015786"
2024-10-02 00:00:00+00:00,405,0,"0,3670900370015786","0,3670900370015786","0,3670900370015786"
2024-10-02 01:00:00+00:00,405,0,"0,3670900370015786","0,3670900370015786","0,3670900370015786"
2024-10-02 02:00:00+00:00,405,0,"0,3670900370015786","0,3670900370015786","0,3670900370015786"
2024-10-02 03:00:00+00:00,405,0,"0,3670900370015786","0,3670900370015786","0,3670900370015786"
2024-10-02 04:00:00+00:00,405,0,"0,3670900370015786","0,3670900370015786","0,3670900370015786"
2024-10-02 05:00:00+00:00,405,0,"0,3670900370015786","0,3670900370015786","0,3670900370015786"
2024-10-02 06:00:00+00:00,405,0,"0,3670900370015786","0,3670900370015786","0,3670900370015786"
2024-10-02 07:00:00+00:00,405,0,"0,3670900370015786","0,3670900370015786","0,3670900370015786"
2024-10-02 08:00:00+00:00,405,0,"0,3670900370015786","0,3670900370015786","0,3670900370015786"
2024-10-02 09:00:00+00:00,405,0,"0,3670900370015786","0,3670900370015786","0,3670900370015786"
2024-10-02 10:00:00+00:00,405,0,"0,3670900370015786","0,3670900370015786","0,3670900370015786"
2024-10-02 11:00:00+00:00,405,0,"0,3670900370015786","0,3670900370015786","0,3670900370015786"
2024-10-02 12:00:00+00:00,405,0,"0,3670900370015786","0,3670900370015786","0,3670900370015786"
2024-10-02 13:00:00+00:00,405,0,"0,3670900370015786","0,3670900370015786","0,3670900370015786"
2024-10-02 14:00:00+00:00,405,0,"0,3670900370015786","0,3670900370015786","0,3670900370015786"
2024-10-02 15:00:00+00:00,405,0,"0,3670900370015786","0,3670900370015786","0,3670900370015786"
2024-10-02 16:00:00+00:00,405,0,"0,3670900370015786","0,3670900370015786","0,3670900370015786"
2024-10-02 17:00:00+00:00,405,0,"0,3670900370015786","0,3670900370015786","0,3670900370015786"
2024-10-02 18:00:00+00:00,405,0,"0,3670900370015786","0,3670900370015786","0,3670900370015786"
2024-10-02 19:00:00+00:00,405,0,"0,3670900370015786","0,3670900370015786","0,3670900370015786"
2024-10-02 20:00:00+00:00,405,0,"0,3670900370015786","0,3670900370015786","0,3670900370015786"
2024-10-02 21:00:00+00:00,405,0,"0,3670900370015786","0,3670900370015786","0,3670900370015786"
2024-10-02 22:00:00+00:00,405,0,"0,3670900370015786","0,3670900370015786","0,3670900370015786"
2024-10-02 23:00:00+00:00,405,0,"0,3670900370015786","0,3670900370015786","0,3670900370015786"
2024-10-01 00:00:00+00:00,447,0,,,
2024-10-01 01:00:00+00:00,447,0,"0,11131501871248539",,
2024-10-01 02:00:00+00:00,447,0,"0,11131501871248539",,
2024-10-01 03:00:00+00:00,447,0,"0,11131501871248539",,"0,11131501871248539"
2024-10-01 04:00:00+00:00,447,0,"0,11131501871248539",,"0,11131501871248539"
2024-10-01 05:00:00+00:00,447,0,"0,11131501871248539",,"0,11131501871248539"
2024-10-01 06:00:00+00:00,447,0,"0,11131501871248539",,"0,11131501871248539"
2024-10-01 07:00:00+00:00,447,0,"0,11131501871248539",,"0,11131501871248539"
2024-10-01 08:00:00+00:00,447,0,"0,11131501871248539",,"0,11131501871248539"
2024-10-01 09:00:00+00:00,447,0,"0,11131501871248539",,"0,11131501871248539"
2024-10-01 10:00:00+00:00,447,0,"0,11131501871248539",,"0,11131501871248539"
2024-10-01 11:00:00+00:00,447,0,"0,11131501871248539",,"0,11131501871248539"
2024-10-01 12:00:00+00:00,447,0,"0,11131501871248539",,"0,11131501871248539"
2024-10-01 13:00:00+00:00,447,0,"0,11131501871248539",,"0,11131501871248539"
2024-10-01 14:00:00+00:00,447,0,"0,11131501871248539",,"0,11131501871248539"
2024-10-01 15:00:00+00:00,447,0,"0,11131501871248539",,"0,11131501871248539"
2024-10-01 16:00:00+00:00,447,0,"0,11131501871248539",,"0,11131501871248539"
2024-10-01 17:00:00+00:00,447,0,"0,11131501871248539",,"0,11131501871248539"
2024-10-01 18:00:00+00:00,447,0,"0,11131501871248539",,"0,11131501871248539"
2024-10-01 19:00:00+00:00,447,0,"0,11131501871248539",,"0,11131501871248539"
2024-10-01 20:00:00+00:00,447,0,"0,11131501871248539",,"0,11131501871248539"
2024-10-01 21:00:00+00:00,447,0,"0,11131501871248539",,"0,11131501871248539"
2024-10-01 22:00:00+00:00,447,0,"0,11131501871248539",,"0,11131501871248539"
2024-10-01 23:00:00+00:00,447,0,"0,11131501871248539",,"0,11131501871248539"
2024-10-02 00:00:00+00:00,447,0,"0,11131501871248539","0,11131501871248539","0,11131501871248539"
2024-10-02 01:00:00+00:00,447,0,"0,11131501871248539","0,11131501871248539","0,11131501871248539"
2024-10-02 02:00:00+00:00,447,0,"0,11131501871248539","0,11131501871248539","0,11131501871248539"
2024-10-02 03:00:00+00:00,447,0,"0,11131501871248539","0,11131501871248539","0,11131501871248539"
2024-10-02 04:00:00+00:00,447,0,"0,11131501871248539","0,11131501871248539","0,11131501871248539"
2024-10-02 05:00:00+00:00,447,0,"0,11131501871248539","0,11131501871248539","0,11131501871248539"
2024-10-02 06:00:00+00:00,447,0,"0,11131501871248539","0,11131501871248539","0,11131501871248539"
2024-10-02 07:00:00+00:00,447,0,"0,11131501871248539","0,11131501871248539","0,11131501871248539"
2024-10-02 08:00:00+00:00,447,0,"0,11131501871248539","0,11131501871248539","0,11131501871248539"
2024-10-02 09:00:00+00:00,447,0,"0,11131501871248539","0,11131501871248539","0,11131501871248539"
2024-10-02 10:00:00+00:00,447,0,"0,11131501871248539","0,11131501871248539","0,11131501871248539"
2024-10-02 11:00:00+00:00,447,0,"0,11131501871248539","0,11131501871248539","0,11131501871248539"
2024-10-02 12:00:00+00:00,447,0,"0,11131501871248539","0,11131501871248539","0,11131501871248539"
2024-10-02 13:00:00+00:00,447,0,"0,11131501871248539","0,11131501871248539","0,11131501871248539"
2024-10-02 14:00:00+00:00,447,0,"0,11131501871248539","0,11131501871248539","0,11131501871248539"
2024-10-02 15:00:00+00:00,447,0,"0,11131501871248539","0,11131501871248539","0,11131501871248539"
2024-10-02 16:00:00+00:00,447,0,"0,11131501871248539","0,11131501871248539","0,11131501871248539"
2024-10-02 17:00:00+00:00,447,0,"0,11131501871248539","0,11131501871248539","0,11131501871248539"
2024-10-02 18:00:00+00:00,447,0,"0,11131501871248539","0,11131501871248539","0,11131501871248539"
2024-10-02 19:00:00+00:00,447,0,"0,11131501871248539","0,11131501871248539","0,11131501871248539"
2024-10-02 20:00:00+00:00,447,0,"0,11131501871248539","0,11131501871248539","0,11131501871248539"
2024-10-02 21:00:00+00:00,447,0,"0,11131501871248539","0,11131501871248539","0,11131501871248539"
2024-10-02 22:00:00+00:00,447,0,"0,11131501871248539","0,11131501871248539","0,11131501871248539"
2024-10-02 23:00:00+00:00,447,0,"0,11131501871248539","0,11131501871248539","0,11131501871248539"
2024-10-01 00:00:00+00:00,450,0,,,
2024-10-01 01:00:00+00:00,450,0,"0,11296531732485543",,
2024-10-01 02:00:00+00:00,450,0,"0,11296531732485543",,
2024-10-01 03:00:00+00:00,450,0,"0,11296531732485543",,"0,11296531732485543"
2024-10-01 04:00:00+00:00,450,0,"0,11296531732485543",,"0,11296531732485543"
2024-10-01 05:00:00+00:00,450,0,"0,11296531732485543",,"0,11296531732485543"
2024-10-01 06:00:00+00:00,450,0,"0,11296531732485543",,"0,11296531732485543"
2024-10-01 07:00:00+00:00,450,0,"0,11296531732485543",,"0,11296531732485543"
2024-10-01 08:00:00+00:00,450,0,"0,11296531732485543",,"0,11296531732485543"
2024-10-01 09:00:00+00:00,450,0,"0,11296531732485543",,"0,11296531732485543"
2024-10-01 10:00:00+00:00,450,0,"0,11296531732485543",,"0,11296531732485543"
2024-10-01 11:00:00+00:00,450,0,"0,11296531732485543",,"0,11296531732485543"
2024-10-01 12:00:00+00:00,450,0,"0,11296531732485543",,"0,11296531732485543"
2024-10-01 13:00:00+00:00,450,0,"0,11296531732485543",,"0,11296531732485543"
2024-10-01 14:00:00+00:00,450,0,"0,11296531732485543",,"0,11296531732485543"
2024-10-01 15:00:00+00:00,450,0,"0,11296531732485543",,"0,11296531732485543"
2024-10-01 16:00:00+00:00,450,0,"0,11296531732485543",,"0,11296531732485543"
2024-10-01 17:00:00+00:00,450,0,"0,11296531732485543",,"0,11296531732485543"
2024-10-01 18:00:00+00:00,450,0,"0,11296531732485543",,"0,11296531732485543"
2024-10-01 19:00:00+00:00,450,0,"0,11296531732485543",,"0,11296531732485543"
2024-10-01 20:00:00+00:00,450,0,"0,11296531732485543",,"0,11296531732485543"
2024-10-01 21:00:00+00:00,450,0,"0,11296531732485543",,"0,11296531732485543"
2024-10-01 22:00:00+00:00,450,0,"0,11296531732485543",,"0,11296531732485543"
2024-10-01 23:00:00+00:00,450,0,"0,11296531732485543",,"0,11296531732485543"
2024-10-02 00:00:00+00:00,450,0,"0,11296531732485543","0,11296531732485543","0,11296531732485543"
2024-10-02 01:00:00+00:00,450,0,"0,11296531732485543","0,11296531732485543","0,11296531732485543"
2024-10-02 02:00:00+00:00,450,0,"0,11296531732485543","0,11296531732485543","0,11296531732485543"
2024-10-02 03:00:00+00:00,450,0,"0,11296531732485543","0,11296531732485543","0,11296531732485543"
2024-10-02 04:00:00+00:00,450,0,"0,11296531732485543","0,11296531732485543","0,11296531732485543"
2024-10-02 05:00:00+00:00,450,0,"0,11296531732485543","0,11296531732485543","0,11296531732485543"
2024-10-02 06:00:00+00:00,450,0,"0,11296531732485543","0,11296531732485543","0,11296531732485543"
2024-10-02 07:00:00+00:00,450,0,"0,11296531732485543","0,11296531732485543","0,11296531732485543"
2024-10-02 08:00:00+00:00,450,0,"0,11296531732485543","0,11296531732485543","0,11296531732485543"
2024-10-02 09:00:00+00:00,450,0,"0,11296531732485543","0,11296531732485543","0,11296531732485543"
2024-10-02 10:00:00+00:00,450,0,"0,11296531732485543","0,11296531732485543","0,11296531732485543"
2024-10-02 11:00:00+00:00,450,0,"0,11296531732485543","0,11296531732485543","0,11296531732485543"
2024-10-02 12:00:00+00:00,450,0,"0,11296531732485543","0,11296531732485543","0,11296531732485543"
2024-10-02 13:00:00+00:00,450,0,"0,11296531732485543","0,11296531732485543","0,11296531732485543"
2024-10-02 14:00:00+00:00,450,0,"0,11296531732485543","0,11296531732485543","0,11296531732485543"
2024-10-02 15:00:00+00:00,450,0,"0,11296531732485543","0,11296531732485543","0,11296531732485543"
2024-10-02 16:00:00+00:00,450,0,"0,11296531732485543","0,11296531732485543","0,11296531732485543"
2024-10-02 17:00:00+00:00,450,0,"0,11296531732485543","0,11296531732485543","0,11296531732485543"
2024-10-02 18:00:00+00:00,450,0,"0,11296531732485543","0,11296531732485543","0,11296531732485543"
2024-10-02 19:00:00+00:00,450,0,"0,11296531732485543","0,11296531732485543","0,11296531732485543"
2024-10-02 20:00:00+00:00,450,0,"0,11296531732485543","0,11296531732485543","0,11296531732485543"
2024-10-02 21:00:00+00:00,450,0,"0,11296531732485543","0,11296531732485543","0,11296531732485543"
2024-10-02 22:00:00+00:00,450,0,"0,11296531732485543","0,11296531732485543","0,11296531732485543"
2024-10-02 23:00:00+00:00,450,0,"0,11296531732485543","0,11296531732485543","0,11296531732485543"
2024-10-01 00:00:00+00:00,459,0,,,
2024-10-01 01:00:00+00:00,459,0,"0,10687326827033641",,
2024-10-01 02:00:00+00:00,459,0,"0,10687326827033641",,
2024-10-01 03:00:00+00:00,459,0,"0,10687326827033641",,"0,10687326827033641"
2024-10-01 04:00:00+00:00,459,0,"0,10687326827033641",,"0,10687326827033641"
2024-10-01 05:00:00+00:00,459,0,"0,10687326827033641",,"0,10687326827033641"
2024-10-01 06:00:00+00:00,459,0,"0,10687326827033641",,"0,10687326827033641"
2024-10-01 07:00:00+00:00,459,0,"0,10687326827033641",,"0,10687326827033641"
2024-10-01 08:00:00+00:00,459,0,"0,10687326827033641",,"0,10687326827033641"
2024-10-01 09:00:00+00:00,459,0,"0,10687326827033641",,"0,10687326827033641"
2024-10-01 10:00:00+00:00,459,0,"0,10687326827033641",,"0,10687326827033641"
2024-10-01 11:00:00+00:00,459,0,"0,10687326827033641",,"0,10687326827033641"
2024-10-01 12:00:00+00:00,459,0,"0,10687326827033641",,"0,10687326827033641"
2024-10-01 13:00:00+00:00,459,0,"0,10687326827033641",,"0,10687326827033641"
2024-10-01 14:00:00+00:00,459,0,"0,10687326827033641",,"0,10687326827033641"
2024-10-01 15:00:00+00:00,459,0,"0,10687326827033641",,"0,10687326827033641"
2024-10-01 16:00:00+00:00,459,0,"0,10687326827033641",,"0,10687326827033641"
2024-10-01 17:00:00+00:00,459,0,"0,10687326827033641",,"0,10687326827033641"
2024-10-01 18:00:00+00:00,459,0,"0,10687326827033641",,"0,10687326827033641"
2024-10-01 19:00:00+00:00,459,0,"0,10687326827033641",,"0,10687326827033641"
2024-10-01 20:00:00+00:00,459,0,"0,10687326827033641",,"0,10687326827033641"
2024-10-01 21:00:00+00:00,459,0,"0,10687326827033641",,"0,10687326827033641"
2024-10-01 22:00:00+00:00,459,0,"0,10687326827033641",,"0,10687326827033641"
2024-10-01 23:00:00+00:00,459,0,"0,10687326827033641",,"0,10687326827033641"
2024-10-02 00:00:00+00:00,459,0,"0,10687326827033641","0,10687326827033641","0,10687326827033641"
2024-10-02 01:00:00+00:00,459,0,"0,10687326827033641","0,10687326827033641","0,10687326827033641"
2024-10-02 02:00:00+00:00,459,0,"0,10687326827033641","0,10687326827033641","0,10687326827033641"
2024-10-02 03:00:00+00:00,459,0,"0,10687326827033641","0,10687326827033641","0,10687326827033641"
2024-10-02 04:00:00+00:00,459,0,"0,10687326827033641","0,10687326827033641","0,10687326827033641"
2024-10-02 05:00:00+00:00,459,0,"0,10687326827033641","0,10687326827033641","0,10687326827033641"
2024-10-02 06:00:00+00:00,459,0,"0,10687326827033641","0,10687326827033641","0,10687326827033641"
2024-10-02 07:00:00+00:00,459,0,"0,10687326827033641","0,10687326827033641","0,10687326827033641"
2024-10-02 08:00:00+00:00,459,0,"0,10687326827033641","0,10687326827033641","0,10687326827033641"
2024-10-02 09:00:00+00:00,459,0,"0,10687326827033641","0,10687326827033641","0,10687326827033641"
2024-10-02 10:00:00+00:00,459,0,"0,10687326827033641","0,10687326827033641","0,10687326827033641"
2024-10-02 11:00:00+00:00,459,0,"0,10687326827033641","0,10687326827033641","0,10687326827033641"
2024-10-02 12:00:00+00:00,459,0,"0,10687326827033641","0,10687326827033641","0,10687326827033641"
2024-10-02 13:00:00+00:00,459,0,"0,10687326827033641","0,10687326827033641","0,10687326827033641"
2024-10-02 14:00:00+00:00,459,0,"0,10687326827033641","0,10687326827033641","0,10687326827033641"
2024-10-02 15:00:00+00:00,459,0,"0,10687326827033641","0,10687326827033641","0,10687326827033641"
2024-10-02 16:00:00+00:00,459,0,"0,10687326827033641","0,10687326827033641","0,10687326827033641"
2024-10-02 17:00:00+00:00,459,0,"0,10687326827033641","0,10687326827033641","0,10687326827033641"
2024-10-02 18:00:00+00:00,459,0,"0,10687326827033641","0,10687326827033641","0,10687326827033641"
2024-10-02 19:00:00+00:00,459,0,"0,10687326827033641","0,10687326827033641","0,10687326827033641"
2024-10-02 20:00:00+00:00,459,0,"0,10687326827033641","0,10687326827033641","0,10687326827033641"
2024-10-02 21:00:00+00:00,459,0,"0,10687326827033641","0,10687326827033641","0,10687326827033641"
2024-10-02 22:00:00+00:00,459,0,"0,10687326827033641","0,10687326827033641","0,10687326827033641"
2024-10-02 23:00:00+00:00,459,0,"0,10687326827033641","0,10687326827033641","0,10687326827033641"
2024-10-01 00:00:00+00:00,460,0,,,
2024-10-01 01:00:00+00:00,460,0,"0,41983859921118893",,
2024-10-01 02:00:00+00:00,460,0,"0,41983859921118893",,
2024-10-01 03:00:00+00:00,460,0,"0,41983859921118893",,"0,41983859921118893"
2024-10-01 04:00:00+00:00,460,0,"0,41983859921118893",,"0,41983859921118893"
2024-10-01 05:00:00+00:00,460,0,"0,41983859921118893",,"0,41983859921118893"
2024-10-01 06:00:00+00:00,460,0,"0,41983859921118893",,"0,41983859921118893"
2024-10-01 07:00:00+00:00,460,0,"0,41983859921118893",,"0,41983859921118893"
2024-10-01 08:00:00+00:00,460,0,"0,41983859921118893",,"0,41983859921118893"
2024-10-01 09:00:00+00:00,460,0,"0,41983859921118893",,"0,41983859921118893"
2024-10-01 10:00:00+00:00,460,0,"0,41983859921118893",,"0,41983859921118893"
2024-10-01 11:00:00+00:00,460,0,"0,41983859921118893",,"0,41983859921118893"
2024-10-01 12:00:00+00:00,460,0,"0,41983859921118893",,"0,41983859921118893"
2024-10-01 13:00:00+00:00,460,0,"0,41983859921118893",,"0,41983859921118893"
2024-10-01 14:00:00+00:00,460,0,"0,41983859921118893",,"0,41983859921118893"
2024-10-01 15:00:00+00:00,460,0,"0,41983859921118893",,"0,41983859921118893"
2024-10-01 16:00:00+00:00,460,0,"0,41983859921118893",,"0,41983859921118893"
2024-10-01 17:00:00+00:00,460,0,"0,41983859921118893",,"0,41983859921118893"
2024-10-01 18:00:00+00:00,460,0,"0,41983859921118893",,"0,41983859921118893"
2024-10-01 19:00:00+00:00,460,0,"0,41983859921118893",,"0,41983859921118893"
2024-10-01 20:00:00+00:00,460,0,"0,41983859921118893",,"0,41983859921118893"
2024-10-01 21:00:00+00:00,460,0,"0,41983859921118893",,"0,41983859921118893"
2024-10-01 22:00:00+00:00,460,0,"0,41983859921118893",,"0,41983859921118893"
2024-10-01 23:00:00+00:00,460,0,"0,41983859921118893",,"0,41983859921118893"
2024-10-02 00:00:00+00:00,460,0,"0,41983859921118893","0,41983859921118893","0,41983859921118893"
2024-10-02 01:00:00+00:00,460,0,"0,41983859921118893","0,41983859921118893","0,41983859921118893"
2024-10-02 02:00:00+00:00,460,0,"0,41983859921118893","0,41983859921118893","0,41983859921118893"
2024-10-02 03:00:00+00:00,460,0,"0,41983859921118893","0,41983859921118893","0,41983859921118893"
2024-10-02 04:00:00+00:00,460,0,"0,41983859921118893","0,41983859921118893","0,41983859921118893"
2024-10-02 05:00:00+00:00,460,0,"0,41983859921118893","0,41983859921118893","0,41983859921118893"
2024-10-02 06:00:00+00:00,460,0,"0,41983859921118893","0,41983859921118893","0,41983859921118893"
2024-10-02 07:00:00+00:00,460,0,"0,41983859921118893","0,41983859921118893","0,41983859921118893"
2024-10-02 08:00:00+00:00,460,0,"0,41983859921118893","0,41983859921118893","0,41983859921118893"
2024-10-02 09:00:00+00:00,460,0,"0,41983859921118893","0,41983859921118893","0,41983859921118893"
2024-10-02 10:00:00+00:00,460,0,"0,41983859921118893","0,41983859921118893","0,41983859921118893"
2024-10-02 11:00:00+00:00,460,0,"0,41983859921118893","0,41983859921118893","0,41983859921118893"
2024-10-02 12:00:00+00:00,460,0,"0,41983859921118893","0,41983859921118893","0,41983859921118893"
2024-10-02 13:00:00+00:00,460,0,"0,41983859921118893","0,41983859921118893","0,41983859921118893"
2024-10-02 14:00:00+00:00,460,0,"0,41983859921118893","0,41983859921118893","0,41983859921118893"
2024-10-02 15:00:00+00:00,460,0,"0,41983859921118893","0,41983859921118893","0,41983859921118893"
2024-10-02 16:00:00+00:00,460,0,"0,41983859921118893","0,41983859921118893","0,41983859921118893"
2024-10-02 17:00:00+00:00,460,0,"0,41983859921118893","0,41983859921118893","0,41983859921118893"
2024-10-02 18:00:00+00:00,460,0,"0,41983859921118893","0,41983859921118893","0,41983859921118893"
2024-10-02 19:00:00+00:00,460,0,"0,41983859921118893","0,41983859921118893","0,41983859921118893"
2024-10-02 20:00:00+00:00,460,0,"0,41983859921118893","0,41983859921118893","0,41983859921118893"
2024-10-02 21:00:00+00:00,460,0,"0,41983859921118893","0,41983859921118893","0,41983859921118893"
2024-10-02 22:00:00+00:00,460,0,"0,41983859921118893","0,41983859921118893","0,41983859921118893"
2024-10-02 23:00:00+00:00,460,0,"0,41983859921118893","0,41983859921118893","0,41983859921118893"
2024-10-01 00:00:00+00:00,466,0,,,
2024-10-01 01:00:00+00:00,466,0,"0,34677370083290404",,
2024-10-01 02:00:00+00:00,466,0,"0,34677370083290404",,
2024-10-01 03:00:00+00:00,466,0,"0,34677370083290404",,"0,34677370083290404"
2024-10-01 04:00:00+00:00,466,0,"0,34677370083290404",,"0,34677370083290404"
2024-10-01 05:00:00+00:00,466,0,"0,34677370083290404",,"0,34677370083290404"
2024-10-01 06:00:00+00:00,466,0,"0,34677370083290404",,"0,34677370083290404"
2024-10-01 07:00:00+00:00,466,0,"0,34677370083290404",,"0,34677370083290404"
2024-10-01 08:00:00+00:00,466,0,"0,34677370083290404",,"0,34677370083290404"
2024-10-01 09:00:00+00:00,466,0,"0,34677370083290404",,"0,34677370083290404"
2024-10-01 10:00:00+00:00,466,0,"0,34677370083290404",,"0,34677370083290404"
2024-10-01 11:00:00+00:00,466,0,"0,34677370083290404",,"0,34677370083290404"
2024-10-01 12:00:00+00:00,466,0,"0,34677370083290404",,"0,34677370083290404"
2024-10-01 13:00:00+00:00,466,0,"0,34677370083290404",,"0,34677370083290404"
2024-10-01 14:00:00+00:00,466,0,"0,34677370083290404",,"0,34677370083290404"
2024-10-01 15:00:00+00:00,466,0,"0,34677370083290404",,"0,34677370083290404"
2024-10-01 16:00:00+00:00,466,0,"0,34677370083290404",,"0,34677370083290404"
2024-10-01 17:00:00+00:00,466,0,"0,34677370083290404",,"0,34677370083290404"
2024-10-01 18:00:00+00:00,466,0,"0,34677370083290404",,"0,34677370083290404"
2024-10-01 19:00:00+00:00,466,0,"0,34677370083290404",,"0,34677370083290404"
2024-10-01 20:00:00+00:00,466,0,"0,34677370083290404",,"0,34677370083290404"
2024-10-01 21:00:00+00:00,466,0,"0,34677370083290404",,"0,34677370083290404"
2024-10-01 22:00:00+00:00,466,0,"0,34677370083290404",,"0,34677370083290404"
2024-10-01 23:00:00+00:00,466,0,"0,34677370083290404",,"0,34677370083290404"
2024-10-02 00:00:00+00:00,466,0,"0,34677370083290404","0,34677370083290404","0,34677370083290404"
2024-10-02 01:00:00+00:00,466,0,"0,34677370083290404","0,34677370083290404","0,34677370083290404"
2024-10-02 02:00:00+00:00,466,0,"0,34677370083290404","0,34677370083290404","0,34677370083290404"
2024-10-02 03:00:00+00:00,466,0,"0,34677370083290404","0,34677370083290404","0,34677370083290404"
2024-10-02 04:00:00+00:00,466,0,"0,34677370083290404","0,34677370083290404","0,34677370083290404"
2024-10-02 05:00:00+00:00,466,0,"0,34677370083290404","0,34677370083290404","0,34677370083290404"
2024-10-02 06:00:00+00:00,466,0,"0,34677370083290404","0,34677370083290404","0,34677370083290404"
2024-10-02 07:00:00+00:00,466,0,"0,34677370083290404","0,34677370083290404","0,34677370083290404"
2024-10-02 08:00:00+00:00,466,0,"0,34677370083290404","0,34677370083290404","0,34677370083290404"
2024-10-02 09:00:00+00:00,466,0,"0,34677370083290404","0,34677370083290404","0,34677370083290404"
2024-10-02 10:00:00+00:00,466,0,"0,34677370083290404","0,34677370083290404","0,34677370083290404"
2024-10-02 11:00:00+00:00,466,0,"0,34677370083290404","0,34677370083290404","0,34677370083290404"
2024-10-02 12:00:00+00:00,466,0,"0,34677370083290404","0,34677370083290404","0,34677370083290404"
2024-10-02 13:00:00+00:00,466,0,"0,34677370083290404","0,34677370083290404","0,34677370083290404"
2024-10-02 14:00:00+00:00,466,0,"0,34677370083290404","0,34677370083290404","0,34677370083290404"
2024-10-02 15:00:00+00:00,466,0,"0,34677370083290404","0,34677370083290404","0,34677370083290404"
2024-10-02 16:00:00+00:00,466,0,"0,34677370083290404","0,34677370083290404","0,34677370083290404"
2024-10-02 17:00:00+00:00,466,0,"0,34677370083290404","0,34677370083290404","0,34677370083290404"
2024-10-02 18:00:00+00:00,466,0,"0,34677370083290404","0,34677370083290404","0,34677370083290404"
2024-10-02 19:00:00+00:00,466,0,"0,34677370083290404","0,34677370083290404","0,34677370083290404"
2024-10-02 20:00:00+00:00,466,0,"0,34677370083290404","0,34677370083290404","0,34677370083290404"
2024-10-02 21:00:00+00:00,466,0,"0,34677370083290404","0,34677370083290404","0,34677370083290404"
2024-10-02 22:00:00+00:00,466,0,"0,34677370083290404","0,34677370083290404","0,34677370083290404"
2024-10-02 23:00:00+00:00,466,0,"0,34677370083290404","0,34677370083290404","0,34677370083290404"
2024-10-01 00:00:00+00:00,468,0,,,
2024-10-01 01:00:00+00:00,468,0,"0,11509811017301451",,
2024-10-01 02:00:00+00:00,468,0,"0,11509811017301451",,
2024-10-01 03:00:00+00:00,468,0,"0,11509811017301451",,"0,11509811017301451"
2024-10-01 04:00:00+00:00,468,0,"0,11509811017301451",,"0,11509811017301451"
2024-10-01 05:00:00+00:00,468,0,"0,11509811017301451",,"0,11509811017301451"
2024-10-01 06:00:00+00:00,468,0,"0,11509811017301451",,"0,11509811017301451"
2024-10-01 07:00:00+00:00,468,0,"0,11509811017301451",,"0,11509811017301451"
2024-10-01 08:00:00+00:00,468,0,"0,11509811017301451",,"0,11509811017301451"
2024-10-01 09:00:00+00:00,468,0,"0,11509811017301451",,"0,11509811017301451"
2024-10-01 10:00:00+00:00,468,0,"0,11509811017301451",,"0,11509811017301451"
2024-10-01 11:00:00+00:00,468,0,"0,11509811017301451",,"0,11509811017301451"
2024-10-01 12:00:00+00:00,468,0,"0,11509811017301451",,"0,11509811017301451"
2024-10-01 13:00:00+00:00,468,0,"0,11509811017301451",,"0,11509811017301451"
2024-10-01 14:00:00+00:00,468,0,"0,11509811017301451",,"0,11509811017301451"
2024-10-01 15:00:00+00:00,468,0,"0,11509811017301451",,"0,11509811017301451"
2024-10-01 16:00:00+00:00,468,0,"0,11509811017301451",,"0,11509811017301451"
2024-10-01 17:00:00+00:00,468,0,"0,11509811017301451",,"0,11509811017301451"
2024-10-01 18:00:00+00:00,468,0,"0,11509811017301451",,"0,11509811017301451"
2024-10-01 19:00:00+00:00,468,0,"0,11509811017301451",,"0,11509811017301451"
2024-10-01 20:00:00+00:00,468,0,"0,11509811017301451",,"0,11509811017301451"
2024-10-01 21:00:00+00:00,468,0,"0,11509811017301451",,"0,11509811017301451"
2024-10-01 22:00:00+00:00,468,0,"0,11509811017301451",,"0,11509811017301451"
2024-10-01 23:00:00+00:00,468,0,"0,11509811017301451",,"0,11509811017301451"
2024-10-02 00:00:00+00:00,468,0,"0,11509811017301451","0,11509811017301451","0,11509811017301451"
2024-10-02 01:00:00+00:00,468,0,"0,11509811017301451","0,11509811017301451","0,11509811017301451"
2024-10-02 02:00:00+00:00,468,0,"0,11509811017301451","0,11509811017301451","0,11509811017301451"
2024-10-02 03:00:00+00:00,468,0,"0,11509811017301451","0,11509811017301451","0,11509811017301451"
2024-10-02 04:00:00+00:00,468,0,"0,11509811017301451","0,11509811017301451","0,11509811017301451"
2024-10-02 05:00:00+00:00,468,0,"0,11509811017301451","0,11509811017301451","0,11509811017301451"
2024-10-02 06:00:00+00:00,468,0,"0,11509811017301451","0,11509811017301451","0,11509811017301451"
2024-10-02 07:00:00+00:00,468,0,"0,11509811017301451","0,11509811017301451","0,11509811017301451"
2024-10-02 08:00:00+00:00,468,0,"0,11509811017301451","0,11509811017301451","0,11509811017301451"
2024-10-02 09:00:00+00:00,468,0,"0,11509811017301451","0,11509811017301451","0,11509811017301451"
2024-10-02 10:00:00+00:00,468,0,"0,11509811017301451","0,11509811017301451","0,11509811017301451"
2024-10-02 11:00:00+00:00,468,0,"0,11509811017301451","0,11509811017301451","0,11509811017301451"
2024-10-02 12:00:00+00:00,468,0,"0,11509811017301451","0,11509811017301451","0,11509811017301451"
2024-10-02 13:00:00+00:00,468,0,"0,11509811017301451","0,11509811017301451","0,11509811017301451"
2024-10-02 14:00:00+00:00,468,0,"0,11509811017301451","0,11509811017301451","0,11509811017301451"
2024-10-02 15:00:00+00:00,468,0,"0,11509811017301451","0,11509811017301451","0,11509811017301451"
2024-10-02 16:00:00+00:00,468,0,"0,11509811017301451","0,11509811017301451","0,11509811017301451"
2024-10-02 17:00:00+00:00,468,0,"0,11509811017301451","0,11509811017301451","0,11509811017301451"
2024-10-02 18:00:00+00:00,468,0,"0,11509811017301451","0,11509811017301451","0,11509811017301451"
2024-10-02 19:00:00+00:00,468,0,"0,11509811017301451","0,11509811017301451","0,11509811017301451"
2024-10-02 20:00:00+00:00,468,0,"0,11509811017301451","0,11509811017301451","0,11509811017301451"
2024-10-02 21:00:00+00:00,468,0,"0,11509811017301451","0,11509811017301451","0,11509811017301451"
2024-10-02 22:00:00+00:00,468,0,"0,11509811017301451","0,11509811017301451","0,11509811017301451"
2024-10-02 23:00:00+00:00,468,0,"0,11509811017301451","0,11509811017301451","0,11509811017301451"
2024-10-01 00:00:00+00:00,469,0,,,
2024-10-01 01:00:00+00:00,469,0,"0,712546291006554",,
2024-10-01 02:00:00+00:00,469,0,"0,712546291006554",,
2024-10-01 03:00:00+00:00,469,0,"0,712546291006554",,"0,712546291006554"
2024-10-01 04:00:00+00:00,469,0,"0,712546291006554",,"0,712546291006554"
2024-10-01 05:00:00+00:00,469,0,"0,712546291006554",,"0,712546291006554"
2024-10-01 06:00:00+00:00,469,0,"0,712546291006554",,"0,712546291006554"
2024-10-01 07:00:00+00:00,469,0,"0,712546291006554",,"0,712546291006554"
2024-10-01 08:00:00+00:00,469,0,"0,712546291006554",,"0,712546291006554"
2024-10-01 09:00:00+00:00,469,0,"0,712546291006554",,"0,712546291006554"
2024-10-01 10:00:00+00:00,469,0,"0,712546291006554",,"0,712546291006554"
2024-10-01 11:00:00+00:00,469,0,"0,712546291006554",,"0,712546291006554"
2024-10-01 12:00:00+00:00,469,0,"0,712546291006554",,"0,712546291006554"
2024-10-01 13:00:00+00:00,469,0,"0,712546291006554",,"0,712546291006554"
2024-10-01 14:00:00+00:00,469,0,"0,712546291006554",,"0,712546291006554"
2024-10-01 15:00:00+00:00,469,0,"0,712546291006554",,"0,712546291006554"
2024-10-01 16:00:00+00:00,469,0,"0,712546291006554",,"0,712546291006554"
2024-10-01 17:00:00+00:00,469,0,"0,712546291006554",,"0,712546291006554"
2024-10-01 18:00:00+00:00,469,0,"0,712546291006554",,"0,712546291006554"
2024-10-01 19:00:00+00:00,469,0,"0,712546291006554",,"0,712546291006554"
2024-10-01 20:00:00+00:00,469,0,"0,712546291006554",,"0,712546291006554"
2024-10-01 21:00:00+00:00,469,0,"0,712546291006554",,"0,712546291006554"
2024-10-01 22:00:00+00:00,469,0,"0,712546291006554",,"0,712546291006554"
2024-10-01 23:00:00+00:00,469,0,"0,712546291006554",,"0,712546291006554"
2024-10-02 00:00:00+00:00,469,0,"0,712546291006554","0,712546291006554","0,712546291006554"
2024-10-02 01:00:00+00:00,469,0,"0,712546291006554","0,712546291006554","0,712546291006554"
2024-10-02 02:00:00+00:00,469,0,"0,712546291006554","0,712546291006554","0,712546291006554"
2024-10-02 03:00:00+00:00,469,0,"0,712546291006554","0,712546291006554","0,712546291006554"
2024-10-02 04:00:00+00:00,469,0,"0,712546291006554","0,712546291006554","0,712546291006554"
2024-10-02 05:00:00+00:00,469,0,"0,712546291006554","0,712546291006554","0,712546291006554"
2024-10-02 06:00:00+00:00,469,0,"0,712546291006554","0,712546291006554","0,712546291006554"
2024-10-02 07:00:00+00:00,469,0,"0,712546291006554","0,712546291006554","0,712546291006554"
2024-10-02 08:00:00+00:00,469,0,"0,712546291006554","0,712546291006554","0,712546291006554"
2024-10-02 09:00:00+00:00,469,0,"0,712546291006554","0,712546291006554","0,712546291006554"
2024-10-02 10:00:00+00:00,469,0,"0,712546291006554","0,712546291006554","0,712546291006554"
2024-10-02 11:00:00+00:00,469,0,"0,712546291006554","0,712546291006554","0,712546291006554"
2024-10-02 12:00:00+00:00,469,0,"0,712546291006554","0,712546291006554","0,712546291006554"
2024-10-02 13:00:00+00:00,469,0,"0,712546291006554","0,712546291006554","0,712546291006554"
2024-10-02 14:00:00+00:00,469,0,"0,712546291006554","0,712546291006554","0,712546291006554"
2024-10-02 15:00:00+00:00,469,0,"0,712546291006554","0,712546291006554","0,712546291006554"
2024-10-02 16:00:00+00:00,469,0,"0,712546291006554","0,712546291006554","0,712546291006554"
2024-10-02 17:00:00+00:00,469,0,"0,712546291006554","0,712546291006554","0,712546291006554"
2024-10-02 18:00:00+00:00,469,0,"0,712546291006554","0,712546291006554","0,712546291006554"
2024-10-02 19:00:00+00:00,469,0,"0,712546291006554","0,712546291006554","0,712546291006554"
2024-10-02 20:00:00+00:00,469,0,"0,712546291006554","0,712546291006554","0,712546291006554"
2024-10-02 21:00:00+00:00,469,0,"0,712546291006554","0,712546291006554","0,712546291006554"
2024-10-02 22:00:00+00:00,469,0,"0,712546291006554","0,712546291006554","0,712546291006554"
2024-10-02 23:00:00+00:00,469,0,"0,712546291006554","0,712546291006554","0,712546291006554"
2024-10-01 00:00:00+00:00,538,0,,,
2024-10-01 01:00:00+00:00,538,0,"0,3061371290817682",,
2024-10-01 02:00:00+00:00,538,0,"0,3061371290817682",,
2024-10-01 03:00:00+00:00,538,0,"0,3061371290817682",,"0,3061371290817682"
2024-10-01 04:00:00+00:00,538,0,"0,3061371290817682",,"0,3061371290817682"
2024-10-01 05:00:00+00:00,538,0,"0,3061371290817682",,"0,3061371290817682"
2024-10-01 06:00:00+00:00,538,0,"0,3061371290817682",,"0,3061371290817682"
2024-10-01 07:00:00+00:00,538,0,"0,3061371290817682",,"0,3061371290817682"
2024-10-01 08:00:00+00:00,538,0,"0,3061371290817682",,"0,3061371290817682"
2024-10-01 09:00:00+00:00,538,0,"0,3061371290817682",,"0,3061371290817682"
2024-10-01 10:00:00+00:00,538,0,"0,3061371290817682",,"0,3061371290817682"
2024-10-01 11:00:00+00:00,538,0,"0,3061371290817682",,"0,3061371290817682"
2024-10-01 12:00:00+00:00,538,0,"0,3061371290817682",,"0,3061371290817682"
2024-10-01 13:00:00+00:00,538,0,"0,3061371290817682",,"0,3061371290817682"
2024-10-01 14:00:00+00:00,538,0,"0,3061371290817682",,"0,3061371290817682"
2024-10-01 15:00:00+00:00,538,0,"0,3061371290817682",,"0,3061371290817682"
2024-10-01 16:00:00+00:00,538,0,"0,3061371290817682",,"0,3061371290817682"
2024-10-01 17:00:00+00:00,538,0,"0,3061371290817682",,"0,3061371290817682"
2024-10-01 18:00:00+00:00,538,0,"0,3061371290817682",,"0,3061371290817682"
2024-10-01 19:00:00+00:00,538,0,"0,3061371290817682",,"0,3061371290817682"
2024-10-01 20:00:00+00:00,538,0,"0,3061371290817682",,"0,3061371290817682"
2024-10-01 21:00:00+00:00,538,0,"0,3061371290817682",,"0,3061371290817682"
2024-10-01 22:00:00+00:00,538,0,"0,3061371290817682",,"0,3061371290817682"
2024-10-01 23:00:00+00:00,538,0,"0,3061371290817682",,"0,3061371290817682"
2024-10-02 00:00:00+00:00,538,0,"0,3061371290817682","0,3061371290817682","0,3061371290817682"
2024-10-02 01:00:00+00:00,538,0,"0,3061371290817682","0,3061371290817682","0,3061371290817682"
2024-10-02 02:00:00+00:00,538,0,"0,3061371290817682","0,3061371290817682","0,3061371290817682"
2024-10-02 03:00:00+00:00,538,0,"0,3061371290817682","0,3061371290817682","0,3061371290817682"
2024-10-02 04:00:00+00:00,538,0,"0,3061371290817682","0,3061371290817682","0,3061371290817682"
2024-10-02 05:00:00+00:00,538,0,"0,3061371290817682","0,3061371290817682","0,3061371290817682"
2024-10-02 06:00:00+00:00,538,0,"0,3061371290817682","0,3061371290817682","0,3061371290817682"
2024-10-02 07:00:00+00:00,538,0,"0,3061371290817682","0,3061371290817682","0,3061371290817682"
2024-10-02 08:00:00+00:00,538,0,"0,3061371290817682","0,3061371290817682","0,3061371290817682"
2024-10-02 09:00:00+00:00,538,0,"0,3061371290817682","0,3061371290817682","0,3061371290817682"
2024-10-02 10:00:00+00:00,538,0,"0,3061371290817682","0,3061371290817682","0,3061371290817682"
2024-10-02 11:00:00+00:00,538,0,"0,3061371290817682","0,3061371290817682","0,3061371290817682"
2024-10-02 12:00:00+00:00,538,0,"0,3061371290817682","0,3061371290817682","0,3061371290817682"
2024-10-02 13:00:00+00:00,538,0,"0,3061371290817682","0,3061371290817682","0,3061371290817682"
2024-10-02 14:00:00+00:00,538,0,"0,3061371290817682","0,3061371290817682","0,3061371290817682"
2024-10-02 15:00:00+00:00,538,0,"0,3061371290817682","0,3061371290817682","0,3061371290817682"
2024-10-02 16:00:00+00:00,538,0,"0,3061371290817682","0,3061371290817682","0,3061371290817682"
2024-10-02 17:00:00+00:00,538,0,"0,3061371290817682","0,3061371290817682","0,3061371290817682"
2024-10-02 18:00:00+00:00,538,0,"0,3061371290817682","0,3061371290817682","0,3061371290817682"
2024-10-02 19:00:00+00:00,538,0,"0,3061371290817682","0,3061371290817682","0,3061371290817682"
2024-10-02 20:00:00+00:00,538,0,"0,3061371290817682","0,3061371290817682","0,3061371290817682"
2024-10-02 21:00:00+00:00,538,0,"0,3061371290817682","0,3061371290817682","0,3061371290817682"
2024-10-02 22:00:00+00:00,538,0,"0,3061371290817682","0,3061371290817682","0,3061371290817682"
2024-10-02 23:00:00+00:00,538,0,"0,3061371290817682","0,3061371290817682","0,3061371290817682"
2024-10-01 00:00:00+00:00,541,0,,,
2024-10-01 01:00:00+00:00,541,0,"0,09863259540645182",,
2024-10-01 02:00:00+00:00,541,0,"0,09863259540645182",,
2024-10-01 03:00:00+00:00,541,0,"0,09863259540645182",,"0,09863259540645182"
2024-10-01 04:00:00+00:00,541,0,"0,09863259540645182",,"0,09863259540645182"
2024-10-01 05:00:00+00:00,541,0,"0,09863259540645182",,"0,09863259540645182"
2024-10-01 06:00:00+00:00,541,0,"0,09863259540645182",,"0,09863259540645182"
2024-10-01 07:00:00+00:00,541,0,"0,09863259540645182",,"0,09863259540645182"
2024-10-01 08:00:00+00:00,541,0,"0,09863259540645182",,"0,09863259540645182"
2024-10-01 09:00:00+00:00,541,0,"0,09863259540645182",,"0,09863259540645182"
2024-10-01 10:00:00+00:00,541,0,"0,09863259540645182",,"0,09863259540645182"
2024-10-01 11:00:00+00:00,541,0,"0,09863259540645182",,"0,09863259540645182"
2024-10-01 12:00:00+00:00,541,0,"0,09863259540645182",,"0,09863259540645182"
2024-10-01 13:00:00+00:00,541,0,"0,09863259540645182",,"0,09863259540645182"
2024-10-01 14:00:00+00:00,541,0,"0,09863259540645182",,"0,09863259540645182"
2024-10-01 15:00:00+00:00,541,0,"0,09863259540645182",,"0,09863259540645182"
2024-10-01 16:00:00+00:00,541,0,"0,09863259540645182",,"0,09863259540645182"
2024-10-01 17:00:00+00:00,541,0,"0,09863259540645182",,"0,09863259540645182"
2024-10-01 18:00:00+00:00,541,0,"0,09863259540645182",,"0,09863259540645182"
2024-10-01 19:00:00+00:00,541,0,"0,09863259540645182",,"0,09863259540645182"
2024-10-01 20:00:00+00:00,541,0,"0,09863259540645182",,"0,09863259540645182"
2024-10-01 21:00:00+00:00,541,0,"0,09863259540645182",,"0,09863259540645182"
2024-10-01 22:00:00+00:00,541,0,"0,09863259540645182",,"0,09863259540645182"
2024-10-01 23:00:00+00:00,541,0,"0,09863259540645182",,"0,09863259540645182"
2024-10-02 00:00:00+00:00,541,0,"0,09863259540645182","0,09863259540645182","0,09863259540645182"
2024-10-02 01:00:00+00:00,541,0,"0,09863259540645182","0,09863259540645182","0,09863259540645182"
2024-10-02 02:00:00+00:00,541,0,"0,09863259540645182","0,09863259540645182","0,09863259540645182"
2024-10-02 03:00:00+00:00,541,0,"0,09863259540645182","0,09863259540645182","0,09863259540645182"
2024-10-02 04:00:00+00:00,541,0,"0,09863259540645182","0,09863259540645182","0,09863259540645182"
2024-10-02 05:00:00+00:00,541,0,"0,09863259540645182","0,09863259540645182","0,09863259540645182"
2024-10-02 06:00:00+00:00,541,0,"0,09863259540645182","0,09863259540645182","0,09863259540645182"
2024-10-02 07:00:00+00:00,541,0,"0,09863259540645182","0,09863259540645182","0,09863259540645182"
2024-10-02 08:00:00+00:00,541,0,"0,09863259540645182","0,09863259540645182","0,09863259540645182"
2024-10-02 09:00:00+00:00,541,0,"0,09863259540645182","0,09863259540645182","0,09863259540645182"
2024-10-02 10:00:00+00:00,541,0,"0,09863259540645182","0,09863259540645182","0,09863259540645182"
2024-10-02 11:00:00+00:00,541,0,"0,09863259540645182","0,09863259540645182","0,09863259540645182"
2024-10-02 12:00:00+00:00,541,0,"0,09863259540645182","0,09863259540645182","0,09863259540645182"
2024-10-02 13:00:00+00:00,541,0,"0,09863259540645182","0,09863259540645182","0,09863259540645182"
2024-10-02 14:00:00+00:00,541,0,"0,09863259540645182","0,09863259540645182","0,09863259540645182"
2024-10-02 15:00:00+00:00,541,0,"0,09863259540645182","0,09863259540645182","0,09863259540645182"
2024-10-02 16:00:00+00:00,541,0,"0,09863259540645182","0,09863259540645182","0,09863259540645182"
2024-10-02 17:00:00+00:00,541,0,"0,09863259540645182","0,09863259540645182","0,09863259540645182"
2024-10-02 18:00:00+00:00,541,0,"0,09863259540645182","0,09863259540645182","0,09863259540645182"
2024-10-02 19:00:00+00:00,541,0,"0,09863259540645182","0,09863259540645182","0,09863259540645182"
2024-10-02 20:00:00+00:00,541,0,"0,09863259540645182","0,09863259540645182","0,09863259540645182"
2024-10-02 21:00:00+00:00,541,0,"0,09863259540645182","0,09863259540645182","0,09863259540645182"
2024-10-02 22:00:00+00:00,541,0,"0,09863259540645182","0,09863259540645182","0,09863259540645182"
2024-10-02 23:00:00+00:00,541,0,"0,09863259540645182","0,09863259540645182","0,09863259540645182"
2024-10-01 00:00:00+00:00,542,0,,,
2024-10-01 01:00:00+00:00,542,0,"0,6044459407155833",,
2024-10-01 02:00:00+00:00,542,0,"0,6044459407155833",,
2024-10-01 03:00:00+00:00,542,0,"0,6044459407155833",,"0,6044459407155833"
2024-10-01 04:00:00+00:00,542,0,"0,6044459407155833",,"0,6044459407155833"
2024-10-01 05:00:00+00:00,542,0,"0,6044459407155833",,"0,6044459407155833"
2024-10-01 06:00:00+00:00,542,0,"0,6044459407155833",,"0,6044459407155833"
2024-10-01 07:00:00+00:00,542,0,"0,6044459407155833",,"0,6044459407155833"
2024-10-01 08:00:00+00:00,542,0,"0,6044459407155833",,"0,6044459407155833"
2024-10-01 09:00:00+00:00,542,0,"0,6044459407155833",,"0,6044459407155833"
2024-10-01 10:00:00+00:00,542,0,"0,6044459407155833",,"0,6044459407155833"
2024-10-01 11:00:00+00:00,542,0,"0,6044459407155833",,"0,6044459407155833"
2024-10-01 12:00:00+00:00,542,0,"0,6044459407155833",,"0,6044459407155833"
2024-10-01 13:00:00+00:00,542,0,"0,6044459407155833",,"0,6044459407155833"
2024-10-01 14:00:00+00:00,542,0,"0,6044459407155833",,"0,6044459407155833"
2024-10-01 15:00:00+00:00,542,0,"0,6044459407155833",,"0,6044459407155833"
2024-10-01 16:00:00+00:00,542,0,"0,6044459407155833",,"0,6044459407155833"
2024-10-01 17:00:00+00:00,542,0,"0,6044459407155833",,"0,6044459407155833"
2024-10-01 18:00:00+00:00,542,0,"0,6044459407155833",,"0,6044459407155833"
2024-10-01 19:00:00+00:00,542,0,"0,6044459407155833",,"0,6044459407155833"
2024-10-01 20:00:00+00:00,542,0,"0,6044459407155833",,"0,6044459407155833"
2024-10-01 21:00:00+00:00,542,0,"0,6044459407155833",,"0,6044459407155833"
2024-10-01 22:00:00+00:00,542,0,"0,6044459407155833",,"0,6044459407155833"
2024-10-01 23:00:00+00:00,542,0,"0,6044459407155833",,"0,6044459407155833"
2024-10-02 00:00:00+00:00,542,0,"0,6044459407155833","0,6044459407155833","0,6044459407155833"
2024-10-02 01:00:00+00:00,542,0,"0,6044459407155833","0,6044459407155833","0,6044459407155833"
2024-10-02 02:00:00+00:00,542,0,"0,6044459407155833","0,6044459407155833","0,6044459407155833"
2024-10-02 03:00:00+00:00,542,0,"0,6044459407155833","0,6044459407155833","0,6044459407155833"
2024-10-02 04:00:00+00:00,542,0,"0,6044459407155833","0,6044459407155833","0,6044459407155833"
2024-10-02 05:00:00+00:00,542,0,"0,6044459407155833","0,6044459407155833","0,6044459407155833"
2024-10-02 06:00:00+00:00,542,0,"0,6044459407155833","0,6044459407155833","0,6044459407155833"
2024-10-02 07:00:00+00:00,542,0,"0,6044459407155833","0,6044459407155833","0,6044459407155833"
2024-10-02 08:00:00+00:00,542,0,"0,6044459407155833","0,6044459407155833","0,6044459407155833"
2024-10-02 09:00:00+00:00,542,0,"0,6044459407155833","0,6044459407155833","0,6044459407155833"
2024-10-02 10:00:00+00:00,542,0,"0,6044459407155833","0,6044459407155833","0,6044459407155833"
2024-10-02 11:00:00+00:00,542,0,"0,6044459407155833","0,6044459407155833","0,6044459407155833"
2024-10-02 12:00:00+00:00,542,0,"0,6044459407155833","0,6044459407155833","0,6044459407155833"
2024-10-02 13:00:00+00:00,542,0,"0,6044459407155833","0,6044459407155833","0,6044459407155833"
2024-10-02 14:00:00+00:00,542,0,"0,6044459407155833","0,6044459407155833","0,6044459407155833"
2024-10-02 15:00:00+00:00,542,0,"0,6044459407155833","0,6044459407155833","0,6044459407155833"
2024-10-02 16:00:00+00:00,542,0,"0,6044459407155833","0,6044459407155833","0,6044459407155833"
2024-10-02 17:00:00+00:00,542,0,"0,6044459407155833","0,6044459407155833","0,6044459407155833"
2024-10-02 18:00:00+00:00,542,0,"0,6044459407155833","0,6044459407155833","0,6044459407155833"
2024-10-02 19:00:00+00:00,542,0,"0,6044459407155833","0,6044459407155833","0,6044459407155833"
2024-10-02 20:00:00+00:00,542,0,"0,6044459407155833","0,6044459407155833","0,6044459407155833"
2024-10-02 21:00:00+00:00,542,0,"0,6044459407155833","0,6044459407155833","0,6044459407155833"
2024-10-02 22:00:00+00:00,542,0,"0,6044459407155833","0,6044459407155833","0,6044459407155833"
2024-10-02 23:00:00+00:00,542,0,"0,6044459407155833","0,6044459407155833","0,6044459407155833"
2024-10-01 00:00:00+00:00,561,0,,,
2024-10-01 01:00:00+00:00,561,0,"0,4029274900907271",,
2024-10-01 02:00:00+00:00,561,0,"0,4029274900907271",,
2024-10-01 03:00:00+00:00,561,0,"0,4029274900907271",,"0,4029274900907271"
2024-10-01 04:00:00+00:00,561,0,"0,4029274900907271",,"0,4029274900907271"
2024-10-01 05:00:00+00:00,561,0,"0,4029274900907271",,"0,4029274900907271"
2024-10-01 06:00:00+00:00,561,0,"0,4029274900907271",,"0,4029274900907271"
2024-10-01 07:00:00+00:00,561,0,"0,4029274900907271",,"0,4029274900907271"
2024-10-01 08:00:00+00:00,561,0,"0,4029274900907271",,"0,4029274900907271"
2024-10-01 09:00:00+00:00,561,0,"0,4029274900907271",,"0,4029274900907271"
2024-10-01 10:00:00+00:00,561,0,"0,4029274900907271",,"0,4029274900907271"
2024-10-01 11:00:00+00:00,561,0,"0,4029274900907271",,"0,4029274900907271"
2024-10-01 12:00:00+00:00,561,0,"0,4029274900907271",,"0,4029274900907271"
2024-10-01 13:00:00+00:00,561,0,"0,4029274900907271",,"0,4029274900907271"
2024-10-01 14:00:00+00:00,561,0,"0,4029274900907271",,"0,4029274900907271"
2024-10-01 15:00:00+00:00,561,0,"0,4029274900907271",,"0,4029274900907271"
2024-10-01 16:00:00+00:00,561,0,"0,4029274900907271",,"0,4029274900907271"
2024-10-01 17:00:00+00:00,561,0,"0,4029274900907271",,"0,4029274900907271"
2024-10-01 18:00:00+00:00,561,0,"0,4029274900907271",,"0,4029274900907271"
2024-10-01 19:00:00+00:00,561,0,"0,4029274900907271",,"0,4029274900907271"
2024-10-01 20:00:00+00:00,561,0,"0,4029274900907271",,"0,4029274900907271"
2024-10-01 21:00:00+00:00,561,0,"0,4029274900907271",,"0,4029274900907271"
2024-10-01 22:00:00+00:00,561,0,"0,4029274900907271",,"0,4029274900907271"
2024-10-01 23:00:00+00:00,561,0,"0,4029274900907271",,"0,4029274900907271"
2024-10-02 00:00:00+00:00,561,0,"0,4029274900907271","0,4029274900907271","0,4029274900907271"
2024-10-02 01:00:00+00:00,561,0,"0,4029274900907271","0,4029274900907271","0,4029274900907271"
2024-10-02 02:00:00+00:00,561,0,"0,4029274900907271","0,4029274900907271","0,4029274900907271"
2024-10-02 03:00:00+00:00,561,0,"0,4029274900907271","0,4029274900907271","0,4029274900907271"
2024-10-02 04:00:00+00:00,561,0,"0,4029274900907271","0,4029274900907271","0,4029274900907271"
2024-10-02 05:00:00+00:00,561,0,"0,4029274900907271","0,4029274900907271","0,4029274900907271"
2024-10-02 06:00:00+00:00,561,0,"0,4029274900907271","0,4029274900907271","0,4029274900907271"
2024-10-02 07:00:00+00:00,561,0,"0,4029274900907271","0,4029274900907271","0,4029274900907271"
2024-10-02 08:00:00+00:00,561,0,"0,4029274900907271","0,4029274900907271","0,4029274900907271"
2024-10-02 09:00:00+00:00,561,0,"0,4029274900907271","0,4029274900907271","0,4029274900907271"
2024-10-02 10:00:00+00:00,561,0,"0,4029274900907271","0,4029274900907271","0,4029274900907271"
2024-10-02 11:00:00+00:00,561,0,"0,4029274900907271","0,4029274900907271","0,4029274900907271"
2024-10-02 12:00:00+00:00,561,0,"0,4029274900907271","0,4029274900907271","0,4029274900907271"
2024-10-02 13:00:00+00:00,561,0,"0,4029274900907271","0,4029274900907271","0,4029274900907271"
2024-10-02 14:00:00+00:00,561,0,"0,4029274900907271","0,4029274900907271","0,4029274900907271"
2024-10-02 15:00:00+00:00,561,0,"0,4029274900907271","0,4029274900907271","0,4029274900907271"
2024-10-02 16:00:00+00:00,561,0,"0,4029274900907271","0,4029274900907271","0,4029274900907271"
2024-10-02 17:00:00+00:00,561,0,"0,4029274900907271","0,4029274900907271","0,4029274900907271"
2024-10-02 18:00:00+00:00,561,0,"0,4029274900907271","0,4029274900907271","0,4029274900907271"
2024-10-02 19:00:00+00:00,561,0,"0,4029274900907271","0,4029274900907271","0,4029274900907271"
2024-10-02 20:00:00+00:00,561,0,"0,4029274900907271","0,4029274900907271","0,4029274900907271"
2024-10-02 21:00:00+00:00,561,0,"0,4029274900907271","0,4029274900907271","0,4029274900907271"
2024-10-02 22:00:00+00:00,561,0,"0,4029274900907271","0,4029274900907271","0,4029274900907271"
2024-10-02 23:00:00+00:00,561,0,"0,4029274900907271","0,4029274900907271","0,4029274900907271"
2024-10-01 00:00:00+00:00,570,0,,,
2024-10-01 01:00:00+00:00,570,0,"0,43381087705661603",,
2024-10-01 02:00:00+00:00,570,0,"0,43381087705661603",,
2024-10-01 03:00:00+00:00,570,0,"0,43381087705661603",,"0,43381087705661603"
2024-10-01 04:00:00+00:00,570,0,"0,43381087705661603",,"0,43381087705661603"
2024-10-01 05:00:00+00:00,570,0,"0,43381087705661603",,"0,43381087705661603"
2024-10-01 06:00:00+00:00,570,0,"0,43381087705661603",,"0,43381087705661603"
2024-10-01 07:00:00+00:00,570,0,"0,43381087705661603",,"0,43381087705661603"
2024-10-01 08:00:00+00:00,570,0,"0,43381087705661603",,"0,43381087705661603"
2024-10-01 09:00:00+00:00,570,0,"0,43381087705661603",,"0,43381087705661603"
2024-10-01 10:00:00+00:00,570,0,"0,43381087705661603",,"0,43381087705661603"
2024-10-01 11:00:00+00:00,570,0,"0,43381087705661603",,"0,43381087705661603"
2024-10-01 12:00:00+00:00,570,0,"0,43381087705661603",,"0,43381087705661603"
2024-10-01 13:00:00+00:00,570,0,"0,43381087705661603",,"0,43381087705661603"
2024-10-01 14:00:00+00:00,570,0,"0,43381087705661603",,"0,43381087705661603"
2024-10-01 15:00:00+00:00,570,0,"0,43381087705661603",,"0,43381087705661603"
2024-10-01 16:00:00+00:00,570,0,"0,43381087705661603",,"0,43381087705661603"
2024-10-01 17:00:00+00:00,570,0,"0,43381087705661603",,"0,43381087705661603"
2024-10-01 18:00:00+00:00,570,0,"0,43381087705661603",,"0,43381087705661603"
2024-10-01 19:00:00+00:00,570,0,"0,43381087705661603",,"0,43381087705661603"
2024-10-01 20:00:00+00:00,570,0,"0,43381087705661603",,"0,43381087705661603"
2024-10-01 21:00:00+00:00,570,0,"0,43381087705661603",,"0,43381087705661603"
2024-10-01 22:00:00+00:00,570,0,"0,43381087705661603",,"0,43381087705661603"
2024-10-01 23:00:00+00:00,570,0,"0,43381087705661603",,"0,43381087705661603"
2024-10-02 00:00:00+00:00,570,0,"0,43381087705661603","0,43381087705661603","0,43381087705661603"
2024-10-02 01:00:00+00:00,570,0,"0,43381087705661603","0,43381087705661603","0,43381087705661603"
2024-10-02 02:00:00+00:00,570,0,"0,43381087705661603","0,43381087705661603","0,43381087705661603"
2024-10-02 03:00:00+00:00,570,0,"0,43381087705661603","0,43381087705661603","0,43381087705661603"
2024-10-02 04:00:00+00:00,570,0,"0,43381087705661603","0,43381087705661603","0,43381087705661603"
2024-10-02 05:00:00+00:00,570,0,"0,43381087705661603","0,43381087705661603","0,43381087705661603"
2024-10-02 06:00:00+00:00,570,0,"0,43381087705661603","0,43381087705661603","0,43381087705661603"
2024-10-02 07:00:00+00:00,570,0,"0,43381087705661603","0,43381087705661603","0,43381087705661603"
2024-10-02 08:00:00+00:00,570,0,"0,43381087705661603","0,43381087705661603","0,43381087705661603"
2024-10-02 09:00:00+00:00,570,0,"0,43381087705661603","0,43381087705661603","0,43381087705661603"
2024-10-02 10:00:00+00:00,570,0,"0,43381087705661603","0,43381087705661603","0,43381087705661603"
2024-10-02 11:00:00+00:00,570,0,"0,43381087705661603","0,43381087705661603","0,43381087705661603"
2024-10-02 12:00:00+00:00,570,0,"0,43381087705661603","0,43381087705661603","0,43381087705661603"
2024-10-02 13:00:00+00:00,570,0,"0,43381087705661603","0,43381087705661603","0,43381087705661603"
2024-10-02 14:00:00+00:00,570,0,"0,43381087705661603","0,43381087705661603","0,43381087705661603"
2024-10-02 15:00:00+00:00,570,0,"0,43381087705661603","0,43381087705661603","0,43381087705661603"
2024-10-02 16:00:00+00:00,570,0,"0,43381087705661603","0,43381087705661603","0,43381087705661603"
2024-10-02 17:00:00+00:00,570,0,"0,43381087705661603","0,43381087705661603","0,43381087705661603"
2024-10-02 18:00:00+00:00,570,0,"0,43381087705661603","0,43381087705661603","0,43381087705661603"
2024-10-02 19:00:00+00:00,570,0,"0,43381087705661603","0,43381087705661603","0,43381087705661603"
2024-10-02 20:00:00+00:00,570,0,"0,43381087705661603","0,43381087705661603","0,43381087705661603"
2024-10-02 21:00:00+00:00,570,0,"0,43381087705661603","0,43381087705661603","0,43381087705661603"
2024-10-02 22:00:00+00:00,570,0,"0,43381087705661603","0,43381087705661603","0,43381087705661603"
2024-10-02 23:00:00+00:00,570,0,"0,43381087705661603","0,43381087705661603","0,43381087705661603"
2024-10-01 00:00:00+00:00,573,0,,,
2024-10-01 01:00:00+00:00,573,0,"0,24700379452413246",,
2024-10-01 02:00:00+00:00,573,0,"0,24700379452413246",,
2024-10-01 03:00:00+00:00,573,0,"0,24700379452413246",,"0,24700379452413246"
2024-10-01 04:00:00+00:00,573,0,"0,24700379452413246",,"0,24700379452413246"
2024-10-01 05:00:00+00:00,573,0,"0,24700379452413246",,"0,24700379452413246"
2024-10-01 06:00:00+00:00,573,0,"0,24700379452413246",,"0,24700379452413246"
2024-10-01 07:00:00+00:00,573,0,"0,24700379452413246",,"0,24700379452413246"
2024-10-01 08:00:00+00:00,573,0,"0,24700379452413246",,"0,24700379452413246"
2024-10-01 09:00:00+00:00,573,0,"0,24700379452413246",,"0,24700379452413246"
2024-10-01 10:00:00+00:00,573,0,"0,24700379452413246",,"0,24700379452413246"
2024-10-01 11:00:00+00:00,573,0,"0,24700379452413246",,"0,24700379452413246"
2024-10-01 12:00:00+00:00,573,0,"0,24700379452413246",,"0,24700379452413246"
2024-10-01 13:00:00+00:00,573,0,"0,24700379452413246",,"0,24700379452413246"
2024-10-01 14:00:00+00:00,573,0,"0,24700379452413246",,"0,24700379452413246"
2024-10-01 15:00:00+00:00,573,0,"0,24700379452413246",,"0,24700379452413246"
2024-10-01 16:00:00+00:00,573,0,"0,24700379452413246",,"0,24700379452413246"
2024-10-01 17:00:00+00:00,573,0,"0,24700379452413246",,"0,24700379452413246"
2024-10-01 18:00:00+00:00,573,0,"0,24700379452413246",,"0,24700379452413246"
2024-10-01 19:00:00+00:00,573,0,"0,24700379452413246",,"0,24700379452413246"
2024-10-01 20:00:00+00:00,573,0,"0,24700379452413246",,"0,24700379452413246"
2024-10-01 21:00:00+00:00,573,0,"0,24700379452413246",,"0,24700379452413246"
2024-10-01 22:00:00+00:00,573,0,"0,24700379452413246",,"0,24700379452413246"
2024-10-01 23:00:00+00:00,573,0,"0,24700379452413246",,"0,24700379452413246"
2024-10-02 00:00:00+00:00,573,0,"0,24700379452413246","0,24700379452413246","0,24700379452413246"
2024-10-02 01:00:00+00:00,573,0,"0,24700379452413246","0,24700379452413246","0,24700379452413246"
2024-10-02 02:00:00+00:00,573,0,"0,24700379452413246","0,24700379452413246","0,24700379452413246"
2024-10-02 03:00:00+00:00,573,0,"0,24700379452413246","0,24700379452413246","0,24700379452413246"
2024-10-02 04:00:00+00:00,573,0,"0,24700379452413246","0,24700379452413246","0,24700379452413246"
2024-10-02 05:00:00+00:00,573,0,"0,24700379452413246","0,24700379452413246","0,24700379452413246"
2024-10-02 06:00:00+00:00,573,0,"0,24700379452413246","0,24700379452413246","0,24700379452413246"
2024-10-02 07:00:00+00:00,573,0,"0,24700379452413246","0,24700379452413246","0,24700379452413246"
2024-10-02 08:00:00+00:00,573,0,"0,24700379452413246","0,24700379452413246","0,24700379452413246"
2024-10-02 09:00:00+00:00,573,0,"0,24700379452413246","0,24700379452413246","0,24700379452413246"
2024-10-02 10:00:00+00:00,573,0,"0,24700379452413246","0,24700379452413246","0,24700379452413246"
2024-10-02 11:00:00+00:00,573,0,"0,24700379452413246","0,24700379452413246","0,24700379452413246"
2024-10-02 12:00:00+00:00,573,0,"0,24700379452413246","0,24700379452413246","0,24700379452413246"
2024-10-02 13:00:00+00:00,573,0,"0,24700379452413246","0,24700379452413246","0,24700379452413246"
2024-10-02 14:00:00+00:00,573,0,"0,24700379452413246","0,24700379452413246","0,24700379452413246"
2024-10-02 15:00:00+00:00,573,0,"0,24700379452413246","0,24700379452413246","0,24700379452413246"
2024-10-02 16:00:00+00:00,573,0,"0,24700379452413246","0,24700379452413246","0,24700379452413246"
2024-10-02 17:00:00+00:00,573,0,"0,24700379452413246","0,24700379452413246","0,24700379452413246"
2024-10-02 18:00:00+00:00,573,0,"0,24700379452413246","0,24700379452413246","0,24700379452413246"
2024-10-02 19:00:00+00:00,573,0,"0,24700379452413246","0,24700379452413246","0,24700379452413246"
2024-10-02 20:00:00+00:00,573,0,"0,24700379452413246","0,24700379452413246","0,24700379452413246"
2024-10-02 21:00:00+00:00,573,0,"0,24700379452413246","0,24700379452413246","0,24700379452413246"
2024-10-02 22:00:00+00:00,573,0,"0,24700379452413246","0,24700379452413246","0,24700379452413246"
2024-10-02 23:00:00+00:00,573,0,"0,24700379452413246","0,24700379452413246","0,24700379452413246"
2024-10-01 00:00:00+00:00,577,0,,,
2024-10-01 01:00:00+00:00,577,0,"0,6031700498550493",,
2024-10-01 02:00:00+00:00,577,0,"0,6031700498550493",,
2024-10-01 03:00:00+00:00,577,0,"0,6031700498550493",,"0,6031700498550493"
2024-10-01 04:00:00+00:00,577,0,"0,6031700498550493",,"0,6031700498550493"
2024-10-01 05:00:00+00:00,577,0,"0,6031700498550493",,"0,6031700498550493"
2024-10-01 06:00:00+00:00,577,0,"0,6031700498550493",,"0,6031700498550493"
2024-10-01 07:00:00+00:00,577,0,"0,6031700498550493",,"0,6031700498550493"
2024-10-01 08:00:00+00:00,577,0,"0,6031700498550493",,"0,6031700498550493"
2024-10-01 09:00:00+00:00,577,0,"0,6031700498550493",,"0,6031700498550493"
2024-10-01 10:00:00+00:00,577,0,"0,6031700498550493",,"0,6031700498550493"
2024-10-01 11:00:00+00:00,577,0,"0,6031700498550493",,"0,6031700498550493"
2024-10-01 12:00:00+00:00,577,0,"0,6031700498550493",,"0,6031700498550493"
2024-10-01 13:00:00+00:00,577,0,"0,6031700498550493",,"0,6031700498550493"
2024-10-01 14:00:00+00:00,577,0,"0,6031700498550493",,"0,6031700498550493"
2024-10-01 15:00:00+00:00,577,0,"0,6031700498550493",,"0,6031700498550493"
2024-10-01 16:00:00+00:00,577,0,"0,6031700498550493",,"0,6031700498550493"
2024-10-01 17:00:00+00:00,577,0,"0,6031700498550493",,"0,6031700498550493"
2024-10-01 18:00:00+00:00,577,0,"0,6031700498550493",,"0,6031700498550493"
2024-10-01 19:00:00+00:00,577,0,"0,6031700498550493",,"0,6031700498550493"
2024-10-01 20:00:00+00:00,577,0,"0,6031700498550493",,"0,6031700498550493"
2024-10-01 21:00:00+00:00,577,0,"0,6031700498550493",,"0,6031700498550493"
2024-10-01 22:00:00+00:00,577,0,"0,6031700498550493",,"0,6031700498550493"
2024-10-01 23:00:00+00:00,577,0,"0,6031700498550493",,"0,6031700498550493"
2024-10-02 00:00:00+00:00,577,0,"0,6031700498550493","0,6031700498550493","0,6031700498550493"
2024-10-02 01:00:00+00:00,577,0,"0,6031700498550493","0,6031700498550493","0,6031700498550493"
2024-10-02 02:00:00+00:00,577,0,"0,6031700498550493","0,6031700498550493","0,6031700498550493"
2024-10-02 03:00:00+00:00,577,0,"0,6031700498550493","0,6031700498550493","0,6031700498550493"
2024-10-02 04:00:00+00:00,577,0,"0,6031700498550493","0,6031700498550493","0,6031700498550493"
2024-10-02 05:00:00+00:00,577,0,"0,6031700498550493","0,6031700498550493","0,6031700498550493"
2024-10-02 06:00:00+00:00,577,0,"0,6031700498550493","0,6031700498550493","0,6031700498550493"
2024-10-02 07:00:00+00:00,577,0,"0,6031700498550493","0,6031700498550493","0,6031700498550493"
2024-10-02 08:00:00+00:00,577,0,"0,6031700498550493","0,6031700498550493","0,6031700498550493"
2024-10-02 09:00:00+00:00,577,0,"0,6031700498550493","0,6031700498550493","0,6031700498550493"
2024-10-02 10:00:00+00:00,577,0,"0,6031700498550493","0,6031700498550493","0,6031700498550493"
2024-10-02 11:00:00+00:00,577,0,"0,6031700498550493","0,6031700498550493","0,6031700498550493"
2024-10-02 12:00:00+00:00,577,0,"0,6031700498550493","0,6031700498550493","0,6031700498550493"
2024-10-02 13:00:00+00:00,577,0,"0,6031700498550493","0,6031700498550493","0,6031700498550493"
2024-10-02 14:00:00+00:00,577,0,"0,6031700498550493","0,6031700498550493","0,6031700498550493"
2024-10-02 15:00:00+00:00,577,0,"0,6031700498550493","0,6031700498550493","0,6031700498550493"
2024-10-02 16:00:00+00:00,577,0,"0,6031700498550493","0,6031700498550493","0,6031700498550493"
2024-10-02 17:00:00+00:00,577,0,"0,6031700498550493","0,6031700498550493","0,6031700498550493"
2024-10-02 18:00:00+00:00,577,0,"0,6031700498550493","0,6031700498550493","0,6031700498550493"
2024-10-02 19:00:00+00:00,577,0,"0,6031700498550493","0,6031700498550493","0,6031700498550493"
2024-10-02 20:00:00+00:00,577,0,"0,6031700498550493","0,6031700498550493","0,6031700498550493"
2024-10-02 21:00:00+00:00,577,0,"0,6031700498550493","0,6031700498550493","0,6031700498550493"
2024-10-02 22:00:00+00:00,577,0,"0,6031700498550493","0,6031700498550493","0,6031700498550493"
2024-10-02 23:00:00+00:00,577,0,"0,6031700498550493","0,6031700498550493","0,6031700498550493"
2024-10-01 00:00:00+00:00,580,0,,,
2024-10-01 01:00:00+00:00,580,0,"0,6103750773670376",,
2024-10-01 02:00:00+00:00,580,0,"0,6103750773670376",,
2024-10-01 03:00:00+00:00,580,0,"0,6103750773670376",,"0,6103750773670376"
2024-10-01 04:00:00+00:00,580,0,"0,6103750773670376",,"0,6103750773670376"
2024-10-01 05:00:00+00:00,580,0,"0,6103750773670376",,"0,6103750773670376"
2024-10-01 06:00:00+00:00,580,0,"0,6103750773670376",,"0,6103750773670376"
2024-10-01 07:00:00+00:00,580,0,"0,6103750773670376",,"0,6103750773670376"
2024-10-01 08:00:00+00:00,580,0,"0,6103750773670376",,"0,6103750773670376"
2024-10-01 09:00:00+00:00,580,0,"0,6103750773670376",,"0,6103750773670376"
2024-10-01 10:00:00+00:00,580,0,"0,6103750773670376",,"0,6103750773670376"
2024-10-01 11:00:00+00:00,580,0,"0,6103750773670376",,"0,6103750773670376"
2024-10-01 12:00:00+00:00,580,0,"0,6103750773670376",,"0,6103750773670376"
2024-10-01 13:00:00+00:00,580,0,"0,6103750773670376",,"0,6103750773670376"
2024-10-01 14:00:00+00:00,580,0,"0,6103750773670376",,"0,6103750773670376"
2024-10-01 15:00:00+00:00,580,0,"0,6103750773670376",,"0,6103750773670376"
2024-10-01 16:00:00+00:00,580,0,"0,6103750773670376",,"0,6103750773670376"
2024-10-01 17:00:00+00:00,580,0,"0,6103750773670376",,"0,6103750773670376"
2024-10-01 18:00:00+00:00,580,0,"0,6103750773670376",,"0,6103750773670376"
2024-10-01 19:00:00+00:00,580,0,"0,6103750773670376",,"0,6103750773670376"
2024-10-01 20:00:00+00:00,580,0,"0,6103750773670376",,"0,6103750773670376"
2024-10-01 21:00:00+00:00,580,0,"0,6103750773670376",,"0,6103750773670376"
2024-10-01 22:00:00+00:00,580,0,"0,6103750773670376",,"0,6103750773670376"
2024-10-01 23:00:00+00:00,580,0,"0,6103750773670376",,"0,6103750773670376"
2024-10-02 00:00:00+00:00,580,0,"0,6103750773670376","0,6103750773670376","0,6103750773670376"
2024-10-02 01:00:00+00:00,580,0,"0,6103750773670376","0,6103750773670376","0,6103750773670376"
2024-10-02 02:00:00+00:00,580,0,"0,6103750773670376","0,6103750773670376","0,6103750773670376"
2024-10-02 03:00:00+00:00,580,0,"0,6103750773670376","0,6103750773670376","0,6103750773670376"
2024-10-02 04:00:00+00:00,580,0,"0,6103750773670376","0,6103750773670376","0,6103750773670376"
2024-10-02 05:00:00+00:00,580,0,"0,6103750773670376","0,6103750773670376","0,6103750773670376"
2024-10-02 06:00:00+00:00,580,0,"0,6103750773670376","0,6103750773670376","0,6103750773670376"
2024-10-02 07:00:00+00:00,580,0,"0,6103750773670376","0,6103750773670376","0,6103750773670376"
2024-10-02 08:00:00+00:00,580,0,"0,6103750773670376","0,6103750773670376","0,6103750773670376"
2024-10-02 09:00:00+00:00,580,0,"0,6103750773670376","0,6103750773670376","0,6103750773670376"
2024-10-02 10:00:00+00:00,580,0,"0,6103750773670376","0,6103750773670376","0,6103750773670376"
2024-10-02 11:00:00+00:00,580,0,"0,6103750773670376","0,6103750773670376","0,6103750773670376"
2024-10-02 12:00:00+00:00,580,0,"0,6103750773670376","0,6103750773670376","0,6103750773670376"
2024-10-02 13:00:00+00:00,580,0,"0,6103750773670376","0,6103750773670376","0,6103750773670376"
2024-10-02 14:00:00+00:00,580,0,"0,6103750773670376","0,6103750773670376","0,6103750773670376"
2024-10-02 15:00:00+00:00,580,0,"0,6103750773670376","0,6103750773670376","0,6103750773670376"
2024-10-02 16:00:00+00:00,580,0,"0,6103750773670376","0,6103750773670376","0,6103750773670376"
2024-10-02 17:00:00+00:00,580,0,"0,6103750773670376","0,6103750773670376","0,6103750773670376"
2024-10-02 18:00:00+00:00,580,0,"0,6103750773670376","0,6103750773670376","0,6103750773670376"
2024-10-02 19:00:00+00:00,580,0,"0,6103750773670376","0,6103750773670376","0,6103750773670376"
2024-10-02 20:00:00+00:00,580,0,"0,6103750773670376","0,6103750773670376","0,6103750773670376"
2024-10-02 21:00:00+00:00,580,0,"0,6103750773670376","0,6103750773670376","0,6103750773670376"
2024-10-02 22:00:00+00:00,580,0,"0,6103750773670376","0,6103750773670376","0,6103750773670376"
2024-10-02 23:00:00+00:00,580,0,"0,6103750773670376","0,6103750773670376","0,6103750773670376"
2024-10-01 00:00:00+00:00,581,0,,,
2024-10-01 01:00:00+00:00,581,0,"2,471,889,414,780,680",,
2024-10-01 02:00:00+00:00,581,0,"2,471,889,414,780,680",,
2024-10-01 03:00:00+00:00,581,0,"2,471,889,414,780,680",,"2,471,889,414,780,680"
2024-10-01 04:00:00+00:00,581,0,"2,471,889,414,780,680",,"2,471,889,414,780,680"
2024-10-01 05:00:00+00:00,581,0,"2,471,889,414,780,680",,"2,471,889,414,780,680"
2024-10-01 06:00:00+00:00,581,0,"2,471,889,414,780,680",,"2,471,889,414,780,680"
2024-10-01 07:00:00+00:00,581,0,"2,471,889,414,780,680",,"2,471,889,414,780,680"
2024-10-01 08:00:00+00:00,581,0,"2,471,889,414,780,680",,"2,471,889,414,780,680"
2024-10-01 09:00:00+00:00,581,0,"2,471,889,414,780,680",,"2,471,889,414,780,680"
2024-10-01 10:00:00+00:00,581,0,"2,471,889,414,780,680",,"2,471,889,414,780,680"
2024-10-01 11:00:00+00:00,581,0,"2,471,889,414,780,680",,"2,471,889,414,780,680"
2024-10-01 12:00:00+00:00,581,0,"2,471,889,414,780,680",,"2,471,889,414,780,680"
2024-10-01 13:00:00+00:00,581,0,"2,471,889,414,780,680",,"2,471,889,414,780,680"
2024-10-01 14:00:00+00:00,581,0,"2,471,889,414,780,680",,"2,471,889,414,780,680"
2024-10-01 15:00:00+00:00,581,0,"2,471,889,414,780,680",,"2,471,889,414,780,680"
2024-10-01 16:00:00+00:00,581,0,"2,471,889,414,780,680",,"2,471,889,414,780,680"
2024-10-01 17:00:00+00:00,581,0,"2,471,889,414,780,680",,"2,471,889,414,780,680"
2024-10-01 18:00:00+00:00,581,0,"2,471,889,414,780,680",,"2,471,889,414,780,680"
2024-10-01 19:00:00+00:00,581,0,"2,471,889,414,780,680",,"2,471,889,414,780,680"
2024-10-01 20:00:00+00:00,581,0,"2,471,889,414,780,680",,"2,471,889,414,780,680"
2024-10-01 21:00:00+00:00,581,0,"2,471,889,414,780,680",,"2,471,889,414,780,680"
2024-10-01 22:00:00+00:00,581,0,"2,471,889,414,780,680",,"2,471,889,414,780,680"
2024-10-01 23:00:00+00:00,581,0,"2,471,889,414,780,680",,"2,471,889,414,780,680"
2024-10-02 00:00:00+00:00,581,0,"2,471,889,414,780,680","2,471,889,414,780,680","2,471,889,414,780,680"
2024-10-02 01:00:00+00:00,581,0,"2,471,889,414,780,680","2,471,889,414,780,680","2,471,889,414,780,680"
2024-10-02 02:00:00+00:00,581,0,"2,471,889,414,780,680","2,471,889,414,780,680","2,471,889,414,780,680"
2024-10-02 03:00:00+00:00,581,0,"2,471,889,414,780,680","2,471,889,414,780,680","2,471,889,414,780,680"
2024-10-02 04:00:00+00:00,581,0,"2,471,889,414,780,680","2,471,889,414,780,680","2,471,889,414,780,680"
2024-10-02 05:00:00+00:00,581,0,"2,471,889,414,780,680","2,471,889,414,780,680","2,471,889,414,780,680"
2024-10-02 06:00:00+00:00,581,0,"2,471,889,414,780,680","2,471,889,414,780,680","2,471,889,414,780,680"
2024-10-02 07:00:00+00:00,581,0,"2,471,889,414,780,680","2,471,889,414,780,680","2,471,889,414,780,680"
2024-10-02 08:00:00+00:00,581,0,"2,471,889,414,780,680","2,471,889,414,780,680","2,471,889,414,780,680"
2024-10-02 09:00:00+00:00,581,0,"2,471,889,414,780,680","2,471,889,414,780,680","2,471,889,414,780,680"
2024-10-02 10:00:00+00:00,581,0,"2,471,889,414,780,680","2,471,889,414,780,680","2,471,889,414,780,680"
2024-10-02 11:00:00+00:00,581,0,"2,471,889,414,780,680","2,471,889,414,780,680","2,471,889,414,780,680"
2024-10-02 12:00:00+00:00,581,0,"2,471,889,414,780,680","2,471,889,414,780,680","2,471,889,414,780,680"
2024-10-02 13:00:00+00:00,581,0,"2,471,889,414,780,680","2,471,889,414,780,680","2,471,889,414,780,680"
2024-10-02 14:00:00+00:00,581,0,"2,471,889,414,780,680","2,471,889,414,780,680","2,471,889,414,780,680"
2024-10-02 15:00:00+00:00,581,0,"2,471,889,414,780,680","2,471,889,414,780,680","2,471,889,414,780,680"
2024-10-02 16:00:00+00:00,581,0,"2,471,889,414,780,680","2,471,889,414,780,680","2,471,889,414,780,680"
2024-10-02 17:00:00+00:00,581,0,"2,471,889,414,780,680","2,471,889,414,780,680","2,471,889,414,780,680"
2024-10-02 18:00:00+00:00,581,0,"2,471,889,414,780,680","2,471,889,414,780,680","2,471,889,414,780,680"
2024-10-02 19:00:00+00:00,581,0,"2,471,889,414,780,680","2,471,889,414,780,680","2,471,889,414,780,680"
2024-10-02 20:00:00+00:00,581,0,"2,471,889,414,780,680","2,471,889,414,780,680","2,471,889,414,780,680"
2024-10-02 21:00:00+00:00,581,0,"2,471,889,414,780,680","2,471,889,414,780,680","2,471,889,414,780,680"
2024-10-02 22:00:00+00:00,581,0,"2,471,889,414,780,680","2,471,889,414,780,680","2,471,889,414,780,680"
2024-10-02 23:00:00+00:00,581,0,"2,471,889,414,780,680","2,471,889,414,780,680","2,471,889,414,780,680"
2024-10-01 00:00:00+00:00,582,0,,,
2024-10-01 01:00:00+00:00,582,0,"0,12216284932979814",,
2024-10-01 02:00:00+00:00,582,0,"0,12216284932979814",,
2024-10-01 03:00:00+00:00,582,0,"0,12216284932979814",,"0,12216284932979814"
2024-10-01 04:00:00+00:00,582,0,"0,12216284932979814",,"0,12216284932979814"
2024-10-01 05:00:00+00:00,582,0,"0,12216284932979814",,"0,12216284932979814"
2024-10-01 06:00:00+00:00,582,0,"0,12216284932979814",,"0,12216284932979814"
2024-10-01 07:00:00+00:00,582,0,"0,12216284932979814",,"0,12216284932979814"
2024-10-01 08:00:00+00:00,582,0,"0,12216284932979814",,"0,12216284932979814"
2024-10-01 09:00:00+00:00,582,0,"0,12216284932979814",,"0,12216284932979814"
2024-10-01 10:00:00+00:00,582,0,"0,12216284932979814",,"0,12216284932979814"
2024-10-01 11:00:00+00:00,582,0,"0,12216284932979814",,"0,12216284932979814"
2024-10-01 12:00:00+00:00,582,0,"0,12216284932979814",,"0,12216284932979814"
2024-10-01 13:00:00+00:00,582,0,"0,12216284932979814",,"0,12216284932979814"
2024-10-01 14:00:00+00:00,582,0,"0,12216284932979814",,"0,12216284932979814"
2024-10-01 15:00:00+00:00,582,0,"0,12216284932979814",,"0,12216284932979814"
2024-10-01 16:00:00+00:00,582,0,"0,12216284932979814",,"0,12216284932979814"
2024-10-01 17:00:00+00:00,582,0,"0,12216284932979814",,"0,12216284932979814"
2024-10-01 18:00:00+00:00,582,0,"0,12216284932979814",,"0,12216284932979814"
2024-10-01 19:00:00+00:00,582,0,"0,12216284932979814",,"0,12216284932979814"
2024-10-01 20:00:00+00:00,582,0,"0,12216284932979814",,"0,12216284932979814"
2024-10-01 21:00:00+00:00,582,0,"0,12216284932979814",,"0,12216284932979814"
2024-10-01 22:00:00+00:00,582,0,"0,12216284932979814",,"0,12216284932979814"
2024-10-01 23:00:00+00:00,582,0,"0,12216284932979814",,"0,12216284932979814"
2024-10-02 00:00:00+00:00,582,0,"0,12216284932979814","0,12216284932979814","0,12216284932979814"
2024-10-02 01:00:00+00:00,582,0,"0,12216284932979814","0,12216284932979814","0,12216284932979814"
2024-10-02 02:00:00+00:00,582,0,"0,12216284932979814","0,12216284932979814","0,12216284932979814"
2024-10-02 03:00:00+00:00,582,0,"0,12216284932979814","0,12216284932979814","0,12216284932979814"
2024-10-02 04:00:00+00:00,582,0,"0,12216284932979814","0,12216284932979814","0,12216284932979814"
2024-10-02 05:00:00+00:00,582,0,"0,12216284932979814","0,12216284932979814","0,12216284932979814"
2024-10-02 06:00:00+00:00,582,0,"0,12216284932979814","0,12216284932979814","0,12216284932979814"
2024-10-02 07:00:00+00:00,582,0,"0,12216284932979814","0,12216284932979814","0,12216284932979814"
2024-10-02 08:00:00+00:00,582,0,"0,12216284932979814","0,12216284932979814","0,12216284932979814"
2024-10-02 09:00:00+00:00,582,0,"0,12216284932979814","0,12216284932979814","0,12216284932979814"
2024-10-02 10:00:00+00:00,582,0,"0,12216284932979814","0,12216284932979814","0,12216284932979814"
2024-10-02 11:00:00+00:00,582,0,"0,12216284932979814","0,12216284932979814","0,12216284932979814"
2024-10-02 12:00:00+00:00,582,0,"0,12216284932979814","0,12216284932979814","0,12216284932979814"
2024-10-02 13:00:00+00:00,582,0,"0,12216284932979814","0,12216284932979814","0,12216284932979814"
2024-10-02 14:00:00+00:00,582,0,"0,12216284932979814","0,12216284932979814","0,12216284932979814"
2024-10-02 15:00:00+00:00,582,0,"0,12216284932979814","0,12216284932979814","0,12216284932979814"
2024-10-02 16:00:00+00:00,582,0,"0,12216284932979814","0,12216284932979814","0,12216284932979814"
2024-10-02 17:00:00+00:00,582,0,"0,12216284932979814","0,12216284932979814","0,12216284932979814"
2024-10-02 18:00:00+00:00,582,0,"0,12216284932979814","0,12216284932979814","0,12216284932979814"
2024-10-02 19:00:00+00:00,582,0,"0,12216284932979814","0,12216284932979814","0,12216284932979814"
2024-10-02 20:00:00+00:00,582,0,"0,12216284932979814","0,12216284932979814","0,12216284932979814"
2024-10-02 21:00:00+00:00,582,0,"0,12216284932979814","0,12216284932979814","0,12216284932979814"
2024-10-02 22:00:00+00:00,582,0,"0,12216284932979814","0,12216284932979814","0,12216284932979814"
2024-10-02 23:00:00+00:00,582,0,"0,12216284932979814","0,12216284932979814","0,12216284932979814"
2024-10-01 00:00:00+00:00,583,0,,,
2024-10-01 01:00:00+00:00,583,0,"0,713496474970502",,
2024-10-01 02:00:00+00:00,583,0,"0,713496474970502",,
2024-10-01 03:00:00+00:00,583,0,"0,713496474970502",,"0,713496474970502"
2024-10-01 04:00:00+00:00,583,0,"0,713496474970502",,"0,713496474970502"
2024-10-01 05:00:00+00:00,583,0,"0,713496474970502",,"0,713496474970502"
2024-10-01 06:00:00+00:00,583,0,"0,713496474970502",,"0,713496474970502"
2024-10-01 07:00:00+00:00,583,0,"0,713496474970502",,"0,713496474970502"
2024-10-01 08:00:00+00:00,583,0,"0,713496474970502",,"0,713496474970502"
2024-10-01 09:00:00+00:00,583,0,"0,713496474970502",,"0,713496474970502"
2024-10-01 10:00:00+00:00,583,0,"0,713496474970502",,"0,713496474970502"
2024-10-01 11:00:00+00:00,583,0,"0,713496474970502",,"0,713496474970502"
2024-10-01 12:00:00+00:00,583,0,"0,713496474970502",,"0,713496474970502"
2024-10-01 13:00:00+00:00,583,0,"0,713496474970502",,"0,713496474970502"
2024-10-01 14:00:00+00:00,583,0,"0,713496474970502",,"0,713496474970502"
2024-10-01 15:00:00+00:00,583,0,"0,713496474970502",,"0,713496474970502"
2024-10-01 16:00:00+00:00,583,0,"0,713496474970502",,"0,713496474970502"
2024-10-01 17:00:00+00:00,583,0,"0,713496474970502",,"0,713496474970502"
2024-10-01 18:00:00+00:00,583,0,"0,713496474970502",,"0,713496474970502"
2024-10-01 19:00:00+00:00,583,0,"0,713496474970502",,"0,713496474970502"
2024-10-01 20:00:00+00:00,583,0,"0,713496474970502",,"0,713496474970502"
2024-10-01 21:00:00+00:00,583,0,"0,713496474970502",,"0,713496474970502"
2024-10-01 22:00:00+00:00,583,0,"0,713496474970502",,"0,713496474970502"
2024-10-01 23:00:00+00:00,583,0,"0,713496474970502",,"0,713496474970502"
2024-10-02 00:00:00+00:00,583,0,"0,713496474970502","0,713496474970502","0,713496474970502"
2024-10-02 01:00:00+00:00,583,0,"0,713496474970502","0,713496474970502","0,713496474970502"
2024-10-02 02:00:00+00:00,583,0,"0,713496474970502","0,713496474970502","0,713496474970502"
2024-10-02 03:00:00+00:00,583,0,"0,713496474970502","0,713496474970502","0,713496474970502"
2024-10-02 04:00:00+00:00,583,0,"0,713496474970502","0,713496474970502","0,713496474970502"
2024-10-02 05:00:00+00:00,583,0,"0,713496474970502","0,713496474970502","0,713496474970502"
2024-10-02 06:00:00+00:00,583,0,"0,713496474970502","0,713496474970502","0,713496474970502"
2024-10-02 07:00:00+00:00,583,0,"0,713496474970502","0,713496474970502","0,713496474970502"
2024-10-02 08:00:00+00:00,583,0,"0,713496474970502","0,713496474970502","0,713496474970502"
2024-10-02 09:00:00+00:00,583,0,"0,713496474970502","0,713496474970502","0,713496474970502"
2024-10-02 10:00:00+00:00,583,0,"0,713496474970502","0,713496474970502","0,713496474970502"
2024-10-02 11:00:00+00:00,583,0,"0,713496474970502","0,713496474970502","0,713496474970502"
2024-10-02 12:00:00+00:00,583,0,"0,713496474970502","0,713496474970502","0,713496474970502"
2024-10-02 13:00:00+00:00,583,0,"0,713496474970502","0,713496474970502","0,713496474970502"
2024-10-02 14:00:00+00:00,583,0,"0,713496474970502","0,713496474970502","0,713496474970502"
2024-10-02 15:00:00+00:00,583,0,"0,713496474970502","0,713496474970502","0,713496474970502"
2024-10-02 16:00:00+00:00,583,0,"0,713496474970502","0,713496474970502","0,713496474970502"
2024-10-02 17:00:00+00:00,583,0,"0,713496474970502","0,713496474970502","0,713496474970502"
2024-10-02 18:00:00+00:00,583,0,"0,713496474970502","0,713496474970502","0,713496474970502"
2024-10-02 19:00:00+00:00,583,0,"0,713496474970502","0,713496474970502","0,713496474970502"
2024-10-02 20:00:00+00:00,583,0,"0,713496474970502","0,713496474970502","0,713496474970502"
2024-10-02 21:00:00+00:00,583,0,"0,713496474970502","0,713496474970502","0,713496474970502"
2024-10-02 22:00:00+00:00,583,0,"0,713496474970502","0,713496474970502","0,713496474970502"
2024-10-02 23:00:00+00:00,583,0,"0,713496474970502","0,713496474970502","0,713496474970502"
2024-10-01 00:00:00+00:00,585,0,,,
2024-10-01 01:00:00+00:00,585,0,"0,0781988135297411",,
2024-10-01 02:00:00+00:00,585,0,"0,0781988135297411",,
2024-10-01 03:00:00+00:00,585,0,"0,0781988135297411",,"0,0781988135297411"
2024-10-01 04:00:00+00:00,585,0,"0,0781988135297411",,"0,0781988135297411"
2024-10-01 05:00:00+00:00,585,0,"0,0781988135297411",,"0,0781988135297411"
2024-10-01 06:00:00+00:00,585,0,"0,0781988135297411",,"0,0781988135297411"
2024-10-01 07:00:00+00:00,585,0,"0,0781988135297411",,"0,0781988135297411"
2024-10-01 08:00:00+00:00,585,0,"0,0781988135297411",,"0,0781988135297411"
2024-10-01 09:00:00+00:00,585,0,"0,0781988135297411",,"0,0781988135297411"
2024-10-01 10:00:00+00:00,585,0,"0,0781988135297411",,"0,0781988135297411"
2024-10-01 11:00:00+00:00,585,0,"0,0781988135297411",,"0,0781988135297411"
2024-10-01 12:00:00+00:00,585,0,"0,0781988135297411",,"0,0781988135297411"
2024-10-01 13:00:00+00:00,585,0,"0,0781988135297411",,"0,0781988135297411"
2024-10-01 14:00:00+00:00,585,0,"0,0781988135297411",,"0,0781988135297411"
2024-10-01 15:00:00+00:00,585,0,"0,0781988135297411",,"0,0781988135297411"
2024-10-01 16:00:00+00:00,585,0,"0,0781988135297411",,"0,0781988135297411"
2024-10-01 17:00:00+00:00,585,0,"0,0781988135297411",,"0,0781988135297411"
2024-10-01 18:00:00+00:00,585,0,"0,0781988135297411",,"0,0781988135297411"
2024-10-01 19:00:00+00:00,585,0,"0,0781988135297411",,"0,0781988135297411"
2024-10-01 20:00:00+00:00,585,0,"0,0781988135297411",,"0,0781988135297411"
2024-10-01 21:00:00+00:00,585,0,"0,0781988135297411",,"0,0781988135297411"
2024-10-01 22:00:00+00:00,585,0,"0,0781988135297411",,"0,0781988135297411"
2024-10-01 23:00:00+00:00,585,0,"0,0781988135297411",,"0,0781988135297411"
2024-10-02 00:00:00+00:00,585,0,"0,0781988135297411","0,0781988135297411","0,0781988135297411"
2024-10-02 01:00:00+00:00,585,0,"0,0781988135297411","0,0781988135297411","0,0781988135297411"
2024-10-02 02:00:00+00:00,585,0,"0,0781988135297411","0,0781988135297411","0,0781988135297411"
2024-10-02 03:00:00+00:00,585,0,"0,0781988135297411","0,0781988135297411","0,0781988135297411"
2024-10-02 04:00:00+00:00,585,0,"0,0781988135297411","0,0781988135297411","0,0781988135297411"
2024-10-02 05:00:00+00:00,585,0,"0,0781988135297411","0,0781988135297411","0,0781988135297411"
2024-10-02 06:00:00+00:00,585,0,"0,0781988135297411","0,0781988135297411","0,0781988135297411"
2024-10-02 07:00:00+00:00,585,0,"0,0781988135297411","0,0781988135297411","0,0781988135297411"
2024-10-02 08:00:00+00:00,585,0,"0,0781988135297411","0,0781988135297411","0,0781988135297411"
2024-10-02 09:00:00+00:00,585,0,"0,0781988135297411","0,0781988135297411","0,0781988135297411"
2024-10-02 10:00:00+00:00,585,0,"0,0781988135297411","0,0781988135297411","0,0781988135297411"
2024-10-02 11:00:00+00:00,585,0,"0,0781988135297411","0,0781988135297411","0,0781988135297411"
2024-10-02 12:00:00+00:00,585,0,"0,0781988135297411","0,0781988135297411","0,0781988135297411"
2024-10-02 13:00:00+00:00,585,0,"0,0781988135297411","0,0781988135297411","0,0781988135297411"
2024-10-02 14:00:00+00:00,585,0,"0,0781988135297411","0,0781988135297411","0,0781988135297411"
2024-10-02 15:00:00+00:00,585,0,"0,0781988135297411","0,0781988135297411","0,0781988135297411"
2024-10-02 16:00:00+00:00,585,0,"0,0781988135297411","0,0781988135297411","0,0781988135297411"
2024-10-02 17:00:00+00:00,585,0,"0,0781988135297411","0,0781988135297411","0,0781988135297411"
2024-10-02 18:00:00+00:00,585,0,"0,0781988135297411","0,0781988135297411","0,0781988135297411"
2024-10-02 19:00:00+00:00,585,0,"0,0781988135297411","0,0781988135297411","0,0781988135297411"
2024-10-02 20:00:00+00:00,585,0,"0,0781988135297411","0,0781988135297411","0,0781988135297411"
2024-10-02 21:00:00+00:00,585,0,"0,0781988135297411","0,0781988135297411","0,0781988135297411"
2024-10-02 22:00:00+00:00,585,0,"0,0781988135297411","0,0781988135297411","0,0781988135297411"
2024-10-02 23:00:00+00:00,585,0,"0,0781988135297411","0,0781988135297411","0,0781988135297411"
2024-10-01 00:00:00+00:00,586,0,,,
2024-10-01 01:00:00+00:00,586,0,"0,5006988212504877",,
2024-10-01 02:00:00+00:00,586,0,"0,5006988212504877",,
2024-10-01 03:00:00+00:00,586,0,"0,5006988212504877",,"0,5006988212504877"
2024-10-01 04:00:00+00:00,586,0,"0,5006988212504877",,"0,5006988212504877"
2024-10-01 05:00:00+00:00,586,0,"0,5006988212504877",,"0,5006988212504877"
2024-10-01 06:00:00+00:00,586,0,"0,5006988212504877",,"0,5006988212504877"
2024-10-01 07:00:00+00:00,586,0,"0,5006988212504877",,"0,5006988212504877"
2024-10-01 08:00:00+00:00,586,0,"0,5006988212504877",,"0,5006988212504877"
2024-10-01 09:00:00+00:00,586,0,"0,5006988212504877",,"0,5006988212504877"
2024-10-01 10:00:00+00:00,586,0,"0,5006988212504877",,"0,5006988212504877"
2024-10-01 11:00:00+00:00,586,0,"0,5006988212504877",,"0,5006988212504877"
2024-10-01 12:00:00+00:00,586,0,"0,5006988212504877",,"0,5006988212504877"
2024-10-01 13:00:00+00:00,586,0,"0,5006988212504877",,"0,5006988212504877"
2024-10-01 14:00:00+00:00,586,0,"0,5006988212504877",,"0,5006988212504877"
2024-10-01 15:00:00+00:00,586,0,"0,5006988212504877",,"0,5006988212504877"
2024-10-01 16:00:00+00:00,586,0,"0,5006988212504877",,"0,5006988212504877"
2024-10-01 17:00:00+00:00,586,0,"0,5006988212504877",,"0,5006988212504877"
2024-10-01 18:00:00+00:00,586,0,"0,5006988212504877",,"0,5006988212504877"
2024-10-01 19:00:00+00:00,586,0,"0,5006988212504877",,"0,5006988212504877"
2024-10-01 20:00:00+00:00,586,0,"0,5006988212504877",,"0,5006988212504877"
2024-10-01 21:00:00+00:00,586,0,"0,5006988212504877",,"0,5006988212504877"
2024-10-01 22:00:00+00:00,586,0,"0,5006988212504877",,"0,5006988212504877"
2024-10-01 23:00:00+00:00,586,0,"0,5006988212504877",,"0,5006988212504877"
2024-10-02 00:00:00+00:00,586,0,"0,5006988212504877","0,5006988212504877","0,5006988212504877"
2024-10-02 01:00:00+00:00,586,0,"0,5006988212504877","0,5006988212504877","0,5006988212504877"
2024-10-02 02:00:00+00:00,586,0,"0,5006988212504877","0,5006988212504877","0,5006988212504877"
2024-10-02 03:00:00+00:00,586,0,"0,5006988212504877","0,5006988212504877","0,5006988212504877"
2024-10-02 04:00:00+00:00,586,0,"0,5006988212504877","0,5006988212504877","0,5006988212504877"
2024-10-02 05:00:00+00:00,586,0,"0,5006988212504877","0,5006988212504877","0,5006988212504877"
2024-10-02 06:00:00+00:00,586,0,"0,5006988212504877","0,5006988212504877","0,5006988212504877"
2024-10-02 07:00:00+00:00,586,0,"0,5006988212504877","0,5006988212504877","0,5006988212504877"
2024-10-02 08:00:00+00:00,586,0,"0,5006988212504877","0,5006988212504877","0,5006988212504877"
2024-10-02 09:00:00+00:00,586,0,"0,5006988212504877","0,5006988212504877","0,5006988212504877"
2024-10-02 10:00:00+00:00,586,0,"0,5006988212504877","0,5006988212504877","0,5006988212504877"
2024-10-02 11:00:00+00:00,586,0,"0,5006988212504877","0,5006988212504877","0,5006988212504877"
2024-10-02 12:00:00+00:00,586,0,"0,5006988212504877","0,5006988212504877","0,5006988212504877"
2024-10-02 13:00:00+00:00,586,0,"0,5006988212504877","0,5006988212504877","0,5006988212504877"
2024-10-02 14:00:00+00:00,586,0,"0,5006988212504877","0,5006988212504877","0,5006988212504877"
2024-10-02 15:00:00+00:00,586,0,"0,5006988212504877","0,5006988212504877","0,5006988212504877"
2024-10-02 16:00:00+00:00,586,0,"0,5006988212504877","0,5006988212504877","0,5006988212504877"
2024-10-02 17:00:00+00:00,586,0,"0,5006988212504877","0,5006988212504877","0,5006988212504877"
2024-10-02 18:00:00+00:00,586,0,"0,5006988212504877","0,5006988212504877","0,5006988212504877"
2024-10-02 19:00:00+00:00,586,0,"0,5006988212504877","0,5006988212504877","0,5006988212504877"
2024-10-02 20:00:00+00:00,586,0,"0,5006988212504877","0,5006988212504877","0,5006988212504877"
2024-10-02 21:00:00+00:00,586,0,"0,5006988212504877","0,5006988212504877","0,5006988212504877"
2024-10-02 22:00:00+00:00,586,0,"0,5006988212504877","0,5006988212504877","0,5006988212504877"
2024-10-02 23:00:00+00:00,586,0,"0,5006988212504877","0,5006988212504877","0,5006988212504877"
2024-10-01 00:00:00+00:00,622,0,,,
2024-10-01 01:00:00+00:00,622,0,"0,11808920475214203",,
2024-10-01 02:00:00+00:00,622,0,"0,11808920475214203",,
2024-10-01 03:00:00+00:00,622,0,"0,11808920475214203",,"0,11808920475214203"
2024-10-01 04:00:00+00:00,622,0,"0,11808920475214203",,"0,11808920475214203"
2024-10-01 05:00:00+00:00,622,0,"0,11808920475214203",,"0,11808920475214203"
2024-10-01 06:00:00+00:00,622,0,"0,11808920475214203",,"0,11808920475214203"
2024-10-01 07:00:00+00:00,622,0,"0,11808920475214203",,"0,11808920475214203"
2024-10-01 08:00:00+00:00,622,0,"0,11808920475214203",,"0,11808920475214203"
2024-10-01 09:00:00+00:00,622,0,"0,11808920475214203",,"0,11808920475214203"
2024-10-01 10:00:00+00:00,622,0,"0,11808920475214203",,"0,11808920475214203"
2024-10-01 11:00:00+00:00,622,0,"0,11808920475214203",,"0,11808920475214203"
2024-10-01 12:00:00+00:00,622,0,"0,11808920475214203",,"0,11808920475214203"
2024-10-01 13:00:00+00:00,622,0,"0,11808920475214203",,"0,11808920475214203"
2024-10-01 14:00:00+00:00,622,0,"0,11808920475214203",,"0,11808920475214203"
2024-10-01 15:00:00+00:00,622,0,"0,11808920475214203",,"0,11808920475214203"
2024-10-01 16:00:00+00:00,622,0,"0,11808920475214203",,"0,11808920475214203"
2024-10-01 17:00:00+00:00,622,0,"0,11808920475214203",,"0,11808920475214203"
2024-10-01 18:00:00+00:00,622,0,"0,11808920475214203",,"0,11808920475214203"
2024-10-01 19:00:00+00:00,622,0,"0,11808920475214203",,"0,11808920475214203"
2024-10-01 20:00:00+00:00,622,0,"0,11808920475214203",,"0,11808920475214203"
2024-10-01 21:00:00+00:00,622,0,"0,11808920475214203",,"0,11808920475214203"
2024-10-01 22:00:00+00:00,622,0,"0,11808920475214203",,"0,11808920475214203"
2024-10-01 23:00:00+00:00,622,0,"0,11808920475214203",,"0,11808920475214203"
2024-10-02 00:00:00+00:00,622,0,"0,11808920475214203","0,11808920475214203","0,11808920475214203"
2024-10-02 01:00:00+00:00,622,0,"0,11808920475214203","0,11808920475214203","0,11808920475214203"
2024-10-02 02:00:00+00:00,622,0,"0,11808920475214203","0,11808920475214203","0,11808920475214203"
2024-10-02 03:00:00+00:00,622,0,"0,11808920475214203","0,11808920475214203","0,11808920475214203"
2024-10-02 04:00:00+00:00,622,0,"0,11808920475214203","0,11808920475214203","0,11808920475214203"
2024-10-02 05:00:00+00:00,622,0,"0,11808920475214203","0,11808920475214203","0,11808920475214203"
2024-10-02 06:00:00+00:00,622,0,"0,11808920475214203","0,11808920475214203","0,11808920475214203"
2024-10-02 07:00:00+00:00,622,0,"0,11808920475214203","0,11808920475214203","0,11808920475214203"
2024-10-02 08:00:00+00:00,622,0,"0,11808920475214203","0,11808920475214203","0,11808920475214203"
2024-10-02 09:00:00+00:00,622,0,"0,11808920475214203","0,11808920475214203","0,11808920475214203"
2024-10-02 10:00:00+00:00,622,0,"0,11808920475214203","0,11808920475214203","0,11808920475214203"
2024-10-02 11:00:00+00:00,622,0,"0,11808920475214203","0,11808920475214203","0,11808920475214203"
2024-10-02 12:00:00+00:00,622,0,"0,11808920475214203","0,11808920475214203","0,11808920475214203"
2024-10-02 13:00:00+00:00,622,0,"0,11808920475214203","0,11808920475214203","0,11808920475214203"
2024-10-02 14:00:00+00:00,622,0,"0,11808920475214203","0,11808920475214203","0,11808920475214203"
2024-10-02 15:00:00+00:00,622,0,"0,11808920475214203","0,11808920475214203","0,11808920475214203"
2024-10-02 16:00:00+00:00,622,0,"0,11808920475214203","0,11808920475214203","0,11808920475214203"
2024-10-02 17:00:00+00:00,622,0,"0,11808920475214203","0,11808920475214203","0,11808920475214203"
2024-10-02 18:00:00+00:00,622,0,"0,11808920475214203","0,11808920475214203","0,11808920475214203"
2024-10-02 19:00:00+00:00,622,0,"0,11808920475214203","0,11808920475214203","0,11808920475214203"
2024-10-02 20:00:00+00:00,622,0,"0,11808920475214203","0,11808920475214203","0,11808920475214203"
2024-10-02 21:00:00+00:00,622,0,"0,11808920475214203","0,11808920475214203","0,11808920475214203"
2024-10-02 22:00:00+00:00,622,0,"0,11808920475214203","0,11808920475214203","0,11808920475214203"
2024-10-02 23:00:00+00:00,622,0,"0,11808920475214203","0,11808920475214203","0,11808920475214203"
2024-10-01 00:00:00+00:00,623,0,,,
2024-10-01 01:00:00+00:00,623,0,"0,424032830223282",,
2024-10-01 02:00:00+00:00,623,0,"0,424032830223282",,
2024-10-01 03:00:00+00:00,623,0,"0,424032830223282",,"0,424032830223282"
2024-10-01 04:00:00+00:00,623,0,"0,424032830223282",,"0,424032830223282"
2024-10-01 05:00:00+00:00,623,0,"0,424032830223282",,"0,424032830223282"
2024-10-01 06:00:00+00:00,623,0,"0,424032830223282",,"0,424032830223282"
2024-10-01 07:00:00+00:00,623,0,"0,424032830223282",,"0,424032830223282"
2024-10-01 08:00:00+00:00,623,0,"0,424032830223282",,"0,424032830223282"
2024-10-01 09:00:00+00:00,623,0,"0,424032830223282",,"0,424032830223282"
2024-10-01 10:00:00+00:00,623,0,"0,424032830223282",,"0,424032830223282"
2024-10-01 11:00:00+00:00,623,0,"0,424032830223282",,"0,424032830223282"
2024-10-01 12:00:00+00:00,623,0,"0,424032830223282",,"0,424032830223282"
2024-10-01 13:00:00+00:00,623,0,"0,424032830223282",,"0,424032830223282"
2024-10-01 14:00:00+00:00,623,0,"0,424032830223282",,"0,424032830223282"
2024-10-01 15:00:00+00:00,623,0,"0,424032830223282",,"0,424032830223282"
2024-10-01 16:00:00+00:00,623,0,"0,424032830223282",,"0,424032830223282"
2024-10-01 17:00:00+00:00,623,0,"0,424032830223282",,"0,424032830223282"
2024-10-01 18:00:00+00:00,623,0,"0,424032830223282",,"0,424032830223282"
2024-10-01 19:00:00+00:00,623,0,"0,424032830223282",,"0,424032830223282"
2024-10-01 20:00:00+00:00,623,0,"0,424032830223282",,"0,424032830223282"
2024-10-01 21:00:00+00:00,623,0,"0,424032830223282",,"0,424032830223282"
2024-10-01 22:00:00+00:00,623,0,"0,424032830223282",,"0,424032830223282"
2024-10-01 23:00:00+00:00,623,0,"0,424032830223282",,"0,424032830223282"
2024-10-02 00:00:00+00:00,623,0,"0,424032830223282","0,424032830223282","0,424032830223282"
2024-10-02 01:00:00+00:00,623,0,"0,424032830223282","0,424032830223282","0,424032830223282"
2024-10-02 02:00:00+00:00,623,0,"0,424032830223282","0,424032830223282","0,424032830223282"
2024-10-02 03:00:00+00:00,623,0,"0,424032830223282","0,424032830223282","0,424032830223282"
2024-10-02 04:00:00+00:00,623,0,"0,424032830223282","0,424032830223282","0,424032830223282"
2024-10-02 05:00:00+00:00,623,0,"0,424032830223282","0,424032830223282","0,424032830223282"
2024-10-02 06:00:00+00:00,623,0,"0,424032830223282","0,424032830223282","0,424032830223282"
2024-10-02 07:00:00+00:00,623,0,"0,424032830223282","0,424032830223282","0,424032830223282"
2024-10-02 08:00:00+00:00,623,0,"0,424032830223282","0,424032830223282","0,424032830223282"
2024-10-02 09:00:00+00:00,623,0,"0,424032830223282","0,424032830223282","0,424032830223282"
2024-10-02 10:00:00+00:00,623,0,"0,424032830223282","0,424032830223282","0,424032830223282"
2024-10-02 11:00:00+00:00,623,0,"0,424032830223282","0,424032830223282","0,424032830223282"
2024-10-02 12:00:00+00:00,623,0,"0,424032830223282","0,424032830223282","0,424032830223282"
2024-10-02 13:00:00+00:00,623,0,"0,424032830223282","0,424032830223282","0,424032830223282"
2024-10-02 14:00:00+00:00,623,0,"0,424032830223282","0,424032830223282","0,424032830223282"
2024-10-02 15:00:00+00:00,623,0,"0,424032830223282","0,424032830223282","0,424032830223282"
2024-10-02 16:00:00+00:00,623,0,"0,424032830223282","0,424032830223282","0,424032830223282"
2024-10-02 17:00:00+00:00,623,0,"0,424032830223282","0,424032830223282","0,424032830223282"
2024-10-02 18:00:00+00:00,623,0,"0,424032830223282","0,424032830223282","0,424032830223282"
2024-10-02 19:00:00+00:00,623,0,"0,424032830223282","0,424032830223282","0,424032830223282"
2024-10-02 20:00:00+00:00,623,0,"0,424032830223282","0,424032830223282","0,424032830223282"
2024-10-02 21:00:00+00:00,623,0,"0,424032830223282","0,424032830223282","0,424032830223282"
2024-10-02 22:00:00+00:00,623,0,"0,424032830223282","0,424032830223282","0,424032830223282"
2024-10-02 23:00:00+00:00,623,0,"0,424032830223282","0,424032830223282","0,424032830223282"
2024-10-01 00:00:00+00:00,624,0,,,
2024-10-01 01:00:00+00:00,624,0,"0,10965607666649863",,
2024-10-01 02:00:00+00:00,624,0,"0,10965607666649863",,
2024-10-01 03:00:00+00:00,624,0,"0,10965607666649863",,"0,10965607666649863"
2024-10-01 04:00:00+00:00,624,0,"0,10965607666649863",,"0,10965607666649863"
2024-10-01 05:00:00+00:00,624,0,"0,10965607666649863",,"0,10965607666649863"
2024-10-01 06:00:00+00:00,624,0,"0,10965607666649863",,"0,10965607666649863"
2024-10-01 07:00:00+00:00,624,0,"0,10965607666649863",,"0,10965607666649863"
2024-10-01 08:00:00+00:00,624,0,"0,10965607666649863",,"0,10965607666649863"
2024-10-01 09:00:00+00:00,624,0,"0,10965607666649863",,"0,10965607666649863"
2024-10-01 10:00:00+00:00,624,0,"0,10965607666649863",,"0,10965607666649863"
2024-10-01 11:00:00+00:00,624,0,"0,10965607666649863",,"0,10965607666649863"
2024-10-01 12:00:00+00:00,624,0,"0,10965607666649863",,"0,10965607666649863"
2024-10-01 13:00:00+00:00,624,0,"0,10965607666649863",,"0,10965607666649863"
2024-10-01 14:00:00+00:00,624,0,"0,10965607666649863",,"0,10965607666649863"
2024-10-01 15:00:00+00:00,624,0,"0,10965607666649863",,"0,10965607666649863"
2024-10-01 16:00:00+00:00,624,0,"0,10965607666649863",,"0,10965607666649863"
2024-10-01 17:00:00+00:00,624,0,"0,10965607666649863",,"0,10965607666649863"
2024-10-01 18:00:00+00:00,624,0,"0,10965607666649863",,"0,10965607666649863"
2024-10-01 19:00:00+00:00,624,0,"0,10965607666649863",,"0,10965607666649863"
2024-10-01 20:00:00+00:00,624,0,"0,10965607666649863",,"0,10965607666649863"
2024-10-01 21:00:00+00:00,624,0,"0,10965607666649863",,"0,10965607666649863"
2024-10-01 22:00:00+00:00,624,0,"0,10965607666649863",,"0,10965607666649863"
2024-10-01 23:00:00+00:00,624,0,"0,10965607666649863",,"0,10965607666649863"
2024-10-02 00:00:00+00:00,624,0,"0,10965607666649863","0,10965607666649863","0,10965607666649863"
2024-10-02 01:00:00+00:00,624,0,"0,10965607666649863","0,10965607666649863","0,10965607666649863"
2024-10-02 02:00:00+00:00,624,0,"0,10965607666649863","0,10965607666649863","0,10965607666649863"
2024-10-02 03:00:00+00:00,624,0,"0,10965607666649863","0,10965607666649863","0,10965607666649863"
2024-10-02 04:00:00+00:00,624,0,"0,10965607666649863","0,10965607666649863","0,10965607666649863"
2024-10-02 05:00:00+00:00,624,0,"0,10965607666649863","0,10965607666649863","0,10965607666649863"
2024-10-02 06:00:00+00:00,624,0,"0,10965607666649863","0,10965607666649863","0,10965607666649863"
2024-10-02 07:00:00+00:00,624,0,"0,10965607666649863","0,10965607666649863","0,10965607666649863"
2024-10-02 08:00:00+00:00,624,0,"0,10965607666649863","0,10965607666649863","0,10965607666649863"
2024-10-02 09:00:00+00:00,624,0,"0,10965607666649863","0,10965607666649863","0,10965607666649863"
2024-10-02 10:00:00+00:00,624,0,"0,10965607666649863","0,10965607666649863","0,10965607666649863"
2024-10-02 11:00:00+00:00,624,0,"0,10965607666649863","0,10965607666649863","0,10965607666649863"
2024-10-02 12:00:00+00:00,624,0,"0,10965607666649863","0,10965607666649863","0,10965607666649863"
2024-10-02 13:00:00+00:00,624,0,"0,10965607666649863","0,10965607666649863","0,10965607666649863"
2024-10-02 14:00:00+00:00,624,0,"0,10965607666649863","0,10965607666649863","0,10965607666649863"
2024-10-02 15:00:00+00:00,624,0,"0,10965607666649863","0,10965607666649863","0,10965607666649863"
2024-10-02 16:00:00+00:00,624,0,"0,10965607666649863","0,10965607666649863","0,10965607666649863"
2024-10-02 17:00:00+00:00,624,0,"0,10965607666649863","0,10965607666649863","0,10965607666649863"
2024-10-02 18:00:00+00:00,624,0,"0,10965607666649863","0,10965607666649863","0,10965607666649863"
2024-10-02 19:00:00+00:00,624,0,"0,10965607666649863","0,10965607666649863","0,10965607666649863"
2024-10-02 20:00:00+00:00,624,0,"0,10965607666649863","0,10965607666649863","0,10965607666649863"
2024-10-02 21:00:00+00:00,624,0,"0,10965607666649863","0,10965607666649863","0,10965607666649863"
2024-10-02 22:00:00+00:00,624,0,"0,10965607666649863","0,10965607666649863","0,10965607666649863"
2024-10-02 23:00:00+00:00,624,0,"0,10965607666649863","0,10965607666649863","0,10965607666649863"
2024-10-01 00:00:00+00:00,625,0,,,
2024-10-01 01:00:00+00:00,625,0,"0,5131660976704087",,
2024-10-01 02:00:00+00:00,625,0,"0,5131660976704087",,
2024-10-01 03:00:00+00:00,625,0,"0,5131660976704087",,"0,5131660976704087"
2024-10-01 04:00:00+00:00,625,0,"0,5131660976704087",,"0,5131660976704087"
2024-10-01 05:00:00+00:00,625,0,"0,5131660976704087",,"0,5131660976704087"
2024-10-01 06:00:00+00:00,625,0,"0,5131660976704087",,"0,5131660976704087"
2024-10-01 07:00:00+00:00,625,0,"0,5131660976704087",,"0,5131660976704087"
2024-10-01 08:00:00+00:00,625,0,"0,5131660976704087",,"0,5131660976704087"
2024-10-01 09:00:00+00:00,625,0,"0,5131660976704087",,"0,5131660976704087"
2024-10-01 10:00:00+00:00,625,0,"0,5131660976704087",,"0,5131660976704087"
2024-10-01 11:00:00+00:00,625,0,"0,5131660976704087",,"0,5131660976704087"
2024-10-01 12:00:00+00:00,625,0,"0,5131660976704087",,"0,5131660976704087"
2024-10-01 13:00:00+00:00,625,0,"0,5131660976704087",,"0,5131660976704087"
2024-10-01 14:00:00+00:00,625,0,"0,5131660976704087",,"0,5131660976704087"
2024-10-01 15:00:00+00:00,625,0,"0,5131660976704087",,"0,5131660976704087"
2024-10-01 16:00:00+00:00,625,0,"0,5131660976704087",,"0,5131660976704087"
2024-10-01 17:00:00+00:00,625,0,"0,5131660976704087",,"0,5131660976704087"
2024-10-01 18:00:00+00:00,625,0,"0,5131660976704087",,"0,5131660976704087"
2024-10-01 19:00:00+00:00,625,0,"0,5131660976704087",,"0,5131660976704087"
2024-10-01 20:00:00+00:00,625,0,"0,5131660976704087",,"0,5131660976704087"
2024-10-01 21:00:00+00:00,625,0,"0,5131660976704087",,"0,5131660976704087"
2024-10-01 22:00:00+00:00,625,0,"0,5131660976704087",,"0,5131660976704087"
2024-10-01 23:00:00+00:00,625,0,"0,5131660976704087",,"0,5131660976704087"
2024-10-02 00:00:00+00:00,625,0,"0,5131660976704087","0,5131660976704087","0,5131660976704087"
2024-10-02 01:00:00+00:00,625,0,"0,5131660976704087","0,5131660976704087","0,5131660976704087"
2024-10-02 02:00:00+00:00,625,0,"0,5131660976704087","0,5131660976704087","0,5131660976704087"
2024-10-02 03:00:00+00:00,625,0,"0,5131660976704087","0,5131660976704087","0,5131660976704087"
2024-10-02 04:00:00+00:00,625,0,"0,5131660976704087","0,5131660976704087","0,5131660976704087"
2024-10-02 05:00:00+00:00,625,0,"0,5131660976704087","0,5131660976704087","0,5131660976704087"
2024-10-02 06:00:00+00:00,625,0,"0,5131660976704087","0,5131660976704087","0,5131660976704087"
2024-10-02 07:00:00+00:00,625,0,"0,5131660976704087","0,5131660976704087","0,5131660976704087"
2024-10-02 08:00:00+00:00,625,0,"0,5131660976704087","0,5131660976704087","0,5131660976704087"
2024-10-02 09:00:00+00:00,625,0,"0,5131660976704087","0,5131660976704087","0,5131660976704087"
2024-10-02 10:00:00+00:00,625,0,"0,5131660976704087","0,5131660976704087","0,5131660976704087"
2024-10-02 11:00:00+00:00,625,0,"0,5131660976704087","0,5131660976704087","0,5131660976704087"
2024-10-02 12:00:00+00:00,625,0,"0,5131660976704087","0,5131660976704087","0,5131660976704087"
2024-10-02 13:00:00+00:00,625,0,"0,5131660976704087","0,5131660976704087","0,5131660976704087"
2024-10-02 14:00:00+00:00,625,0,"0,5131660976704087","0,5131660976704087","0,5131660976704087"
2024-10-02 15:00:00+00:00,625,0,"0,5131660976704087","0,5131660976704087","0,5131660976704087"
2024-10-02 16:00:00+00:00,625,0,"0,5131660976704087","0,5131660976704087","0,5131660976704087"
2024-10-02 17:00:00+00:00,625,0,"0,5131660976704087","0,5131660976704087","0,5131660976704087"
2024-10-02 18:00:00+00:00,625,0,"0,5131660976704087","0,5131660976704087","0,5131660976704087"
2024-10-02 19:00:00+00:00,625,0,"0,5131660976704087","0,5131660976704087","0,5131660976704087"
2024-10-02 20:00:00+00:00,625,0,"0,5131660976704087","0,5131660976704087","0,5131660976704087"
2024-10-02 21:00:00+00:00,625,0,"0,5131660976704087","0,5131660976704087","0,5131660976704087"
2024-10-02 22:00:00+00:00,625,0,"0,5131660976704087","0,5131660976704087","0,5131660976704087"
2024-10-02 23:00:00+00:00,625,0,"0,5131660976704087","0,5131660976704087","0,5131660976704087"
2024-10-01 00:00:00+00:00,626,0,,,
2024-10-01 01:00:00+00:00,626,0,"0,10088254285291158",,
2024-10-01 02:00:00+00:00,626,0,"0,10088254285291158",,
2024-10-01 03:00:00+00:00,626,0,"0,10088254285291158",,"0,10088254285291158"
2024-10-01 04:00:00+00:00,626,0,"0,10088254285291158",,"0,10088254285291158"
2024-10-01 05:00:00+00:00,626,0,"0,10088254285291158",,"0,10088254285291158"
2024-10-01 06:00:00+00:00,626,0,"0,10088254285291158",,"0,10088254285291158"
2024-10-01 07:00:00+00:00,626,0,"0,10088254285291158",,"0,10088254285291158"
2024-10-01 08:00:00+00:00,626,0,"0,10088254285291158",,"0,10088254285291158"
2024-10-01 09:00:00+00:00,626,0,"0,10088254285291158",,"0,10088254285291158"
2024-10-01 10:00:00+00:00,626,0,"0,10088254285291158",,"0,10088254285291158"
2024-10-01 11:00:00+00:00,626,0,"0,10088254285291158",,"0,10088254285291158"
2024-10-01 12:00:00+00:00,626,0,"0,10088254285291158",,"0,10088254285291158"
2024-10-01 13:00:00+00:00,626,0,"0,10088254285291158",,"0,10088254285291158"
2024-10-01 14:00:00+00:00,626,0,"0,10088254285291158",,"0,10088254285291158"
2024-10-01 15:00:00+00:00,626,0,"0,10088254285291158",,"0,10088254285291158"
2024-10-01 16:00:00+00:00,626,0,"0,10088254285291158",,"0,10088254285291158"
2024-10-01 17:00:00+00:00,626,0,"0,10088254285291158",,"0,10088254285291158"
2024-10-01 18:00:00+00:00,626,0,"0,10088254285291158",,"0,10088254285291158"
2024-10-01 19:00:00+00:00,626,0,"0,10088254285291158",,"0,10088254285291158"
2024-10-01 20:00:00+00:00,626,0,"0,10088254285291158",,"0,10088254285291158"
2024-10-01 21:00:00+00:00,626,0,"0,10088254285291158",,"0,10088254285291158"
2024-10-01 22:00:00+00:00,626,0,"0,10088254285291158",,"0,10088254285291158"
2024-10-01 23:00:00+00:00,626,0,"0,10088254285291158",,"0,10088254285291158"
2024-10-02 00:00:00+00:00,626,0,"0,10088254285291158","0,10088254285291158","0,10088254285291158"
2024-10-02 01:00:00+00:00,626,0,"0,10088254285291158","0,10088254285291158","0,10088254285291158"
2024-10-02 02:00:00+00:00,626,0,"0,10088254285291158","0,10088254285291158","0,10088254285291158"
2024-10-02 03:00:00+00:00,626,0,"0,10088254285291158","0,10088254285291158","0,10088254285291158"
2024-10-02 04:00:00+00:00,626,0,"0,10088254285291158","0,10088254285291158","0,10088254285291158"
2024-10-02 05:00:00+00:00,626,0,"0,10088254285291158","0,10088254285291158","0,10088254285291158"
2024-10-02 06:00:00+00:00,626,0,"0,10088254285291158","0,10088254285291158","0,10088254285291158"
2024-10-02 07:00:00+00:00,626,0,"0,10088254285291158","0,10088254285291158","0,10088254285291158"
2024-10-02 08:00:00+00:00,626,0,"0,10088254285291158","0,10088254285291158","0,10088254285291158"
2024-10-02 09:00:00+00:00,626,0,"0,10088254285291158","0,10088254285291158","0,10088254285291158"
2024-10-02 10:00:00+00:00,626,0,"0,10088254285291158","0,10088254285291158","0,10088254285291158"
2024-10-02 11:00:00+00:00,626,0,"0,10088254285291158","0,10088254285291158","0,10088254285291158"
2024-10-02 12:00:00+00:00,626,0,"0,10088254285291158","0,10088254285291158","0,10088254285291158"
2024-10-02 13:00:00+00:00,626,0,"0,10088254285291158","0,10088254285291158","0,10088254285291158"
2024-10-02 14:00:00+00:00,626,0,"0,10088254285291158","0,10088254285291158","0,10088254285291158"
2024-10-02 15:00:00+00:00,626,0,"0,10088254285291158","0,10088254285291158","0,10088254285291158"
2024-10-02 16:00:00+00:00,626,0,"0,10088254285291158","0,10088254285291158","0,10088254285291158"
2024-10-02 17:00:00+00:00,626,0,"0,10088254285291158","0,10088254285291158","0,10088254285291158"
2024-10-02 18:00:00+00:00,626,0,"0,10088254285291158","0,10088254285291158","0,10088254285291158"
2024-10-02 19:00:00+00:00,626,0,"0,10088254285291158","0,10088254285291158","0,10088254285291158"
2024-10-02 20:00:00+00:00,626,0,"0,10088254285291158","0,10088254285291158","0,10088254285291158"
2024-10-02 21:00:00+00:00,626,0,"0,10088254285291158","0,10088254285291158","0,10088254285291158"
2024-10-02 22:00:00+00:00,626,0,"0,10088254285291158","0,10088254285291158","0,10088254285291158"
2024-10-02 23:00:00+00:00,626,0,"0,10088254285291158","0,10088254285291158","0,10088254285291158"
2024-10-01 00:00:00+00:00,657,0,,,
2024-10-01 01:00:00+00:00,657,0,"5,658,113,364,225,890",,
2024-10-01 02:00:00+00:00,657,0,"5,658,113,364,225,890",,
2024-10-01 03:00:00+00:00,657,0,"5,658,113,364,225,890",,"5,658,113,364,225,890"
2024-10-01 04:00:00+00:00,657,0,"5,658,113,364,225,890",,"5,658,113,364,225,890"
2024-10-01 05:00:00+00:00,657,0,"5,658,113,364,225,890",,"5,658,113,364,225,890"
2024-10-01 06:00:00+00:00,657,0,"5,658,113,364,225,890",,"5,658,113,364,225,890"
2024-10-01 07:00:00+00:00,657,0,"5,658,113,364,225,890",,"5,658,113,364,225,890"
2024-10-01 08:00:00+00:00,657,0,"5,658,113,364,225,890",,"5,658,113,364,225,890"
2024-10-01 09:00:00+00:00,657,0,"5,658,113,364,225,890",,"5,658,113,364,225,890"
2024-10-01 10:00:00+00:00,657,0,"5,658,113,364,225,890",,"5,658,113,364,225,890"
2024-10-01 11:00:00+00:00,657,0,"5,658,113,364,225,890",,"5,658,113,364,225,890"
2024-10-01 12:00:00+00:00,657,0,"5,658,113,364,225,890",,"5,658,113,364,225,890"
2024-10-01 13:00:00+00:00,657,0,"5,658,113,364,225,890",,"5,658,113,364,225,890"
2024-10-01 14:00:00+00:00,657,0,"5,658,113,364,225,890",,"5,658,113,364,225,890"
2024-10-01 15:00:00+00:00,657,0,"5,658,113,364,225,890",,"5,658,113,364,225,890"
2024-10-01 16:00:00+00:00,657,0,"5,658,113,364,225,890",,"5,658,113,364,225,890"
2024-10-01 17:00:00+00:00,657,0,"5,658,113,364,225,890",,"5,658,113,364,225,890"
2024-10-01 18:00:00+00:00,657,0,"5,658,113,364,225,890",,"5,658,113,364,225,890"
2024-10-01 19:00:00+00:00,657,0,"5,658,113,364,225,890",,"5,658,113,364,225,890"
2024-10-01 20:00:00+00:00,657,0,"5,658,113,364,225,890",,"5,658,113,364,225,890"
2024-10-01 21:00:00+00:00,657,0,"5,658,113,364,225,890",,"5,658,113,364,225,890"
2024-10-01 22:00:00+00:00,657,0,"5,658,113,364,225,890",,"5,658,113,364,225,890"
2024-10-01 23:00:00+00:00,657,0,"5,658,113,364,225,890",,"5,658,113,364,225,890"
2024-10-02 00:00:00+00:00,657,0,"5,658,113,364,225,890","5,658,113,364,225,890","5,658,113,364,225,890"
2024-10-02 01:00:00+00:00,657,0,"5,658,113,364,225,890","5,658,113,364,225,890","5,658,113,364,225,890"
2024-10-02 02:00:00+00:00,657,0,"5,658,113,364,225,890","5,658,113,364,225,890","5,658,113,364,225,890"
2024-10-02 03:00:00+00:00,657,0,"5,658,113,364,225,890","5,658,113,364,225,890","5,658,113,364,225,890"
2024-10-02 04:00:00+00:00,657,0,"5,658,113,364,225,890","5,658,113,364,225,890","5,658,113,364,225,890"
2024-10-02 05:00:00+00:00,657,0,"5,658,113,364,225,890","5,658,113,364,225,890","5,658,113,364,225,890"
2024-10-02 06:00:00+00:00,657,0,"5,658,113,364,225,890","5,658,113,364,225,890","5,658,113,364,225,890"
2024-10-02 07:00:00+00:00,657,0,"5,658,113,364,225,890","5,658,113,364,225,890","5,658,113,364,225,890"
2024-10-02 08:00:00+00:00,657,0,"5,658,113,364,225,890","5,658,113,364,225,890","5,658,113,364,225,890"
2024-10-02 09:00:00+00:00,657,0,"5,658,113,364,225,890","5,658,113,364,225,890","5,658,113,364,225,890"
2024-10-02 10:00:00+00:00,657,0,"5,658,113,364,225,890","5,658,113,364,225,890","5,658,113,364,225,890"
2024-10-02 11:00:00+00:00,657,0,"5,658,113,364,225,890","5,658,113,364,225,890","5,658,113,364,225,890"
2024-10-02 12:00:00+00:00,657,0,"5,658,113,364,225,890","5,658,113,364,225,890","5,658,113,364,225,890"
2024-10-02 13:00:00+00:00,657,0,"5,658,113,364,225,890","5,658,113,364,225,890","5,658,113,364,225,890"
2024-10-02 14:00:00+00:00,657,0,"5,658,113,364,225,890","5,658,113,364,225,890","5,658,113,364,225,890"
2024-10-02 15:00:00+00:00,657,0,"5,658,113,364,225,890","5,658,113,364,225,890","5,658,113,364,225,890"
2024-10-02 16:00:00+00:00,657,0,"5,658,113,364,225,890","5,658,113,364,225,890","5,658,113,364,225,890"
2024-10-02 17:00:00+00:00,657,0,"5,658,113,364,225,890","5,658,113,364,225,890","5,658,113,364,225,890"
2024-10-02 18:00:00+00:00,657,0,"5,658,113,364,225,890","5,658,113,364,225,890","5,658,113,364,225,890"
2024-10-02 19:00:00+00:00,657,0,"5,658,113,364,225,890","5,658,113,364,225,890","5,658,113,364,225,890"
2024-10-02 20:00:00+00:00,657,0,"5,658,113,364,225,890","5,658,113,364,225,890","5,658,113,364,225,890"
2024-10-02 21:00:00+00:00,657,0,"5,658,113,364,225,890","5,658,113,364,225,890","5,658,113,364,225,890"
2024-10-02 22:00:00+00:00,657,0,"5,658,113,364,225,890","5,658,113,364,225,890","5,658,113,364,225,890"
2024-10-02 23:00:00+00:00,657,0,"5,658,113,364,225,890","5,658,113,364,225,890","5,658,113,364,225,890"
2024-10-01 00:00:00+00:00,658,0,,,
2024-10-01 01:00:00+00:00,658,0,"0,11917560280406131",,
2024-10-01 02:00:00+00:00,658,0,"0,11917560280406131",,
2024-10-01 03:00:00+00:00,658,0,"0,11917560280406131",,"0,11917560280406131"
2024-10-01 04:00:00+00:00,658,0,"0,11917560280406131",,"0,11917560280406131"
2024-10-01 05:00:00+00:00,658,0,"0,11917560280406131",,"0,11917560280406131"
2024-10-01 06:00:00+00:00,658,0,"0,11917560280406131",,"0,11917560280406131"
2024-10-01 07:00:00+00:00,658,0,"0,11917560280406131",,"0,11917560280406131"
2024-10-01 08:00:00+00:00,658,0,"0,11917560280406131",,"0,11917560280406131"
2024-10-01 09:00:00+00:00,658,0,"0,11917560280406131",,"0,11917560280406131"
2024-10-01 10:00:00+00:00,658,0,"0,11917560280406131",,"0,11917560280406131"
2024-10-01 11:00:00+00:00,658,0,"0,11917560280406131",,"0,11917560280406131"
2024-10-01 12:00:00+00:00,658,0,"0,11917560280406131",,"0,11917560280406131"
2024-10-01 13:00:00+00:00,658,0,"0,11917560280406131",,"0,11917560280406131"
2024-10-01 14:00:00+00:00,658,0,"0,11917560280406131",,"0,11917560280406131"
2024-10-01 15:00:00+00:00,658,0,"0,11917560280406131",,"0,11917560280406131"
2024-10-01 16:00:00+00:00,658,0,"0,11917560280406131",,"0,11917560280406131"
2024-10-01 17:00:00+00:00,658,0,"0,11917560280406131",,"0,11917560280406131"
2024-10-01 18:00:00+00:00,658,0,"0,11917560280406131",,"0,11917560280406131"
2024-10-01 19:00:00+00:00,658,0,"0,11917560280406131",,"0,11917560280406131"
2024-10-01 20:00:00+00:00,658,0,"0,11917560280406131",,"0,11917560280406131"
2024-10-01 21:00:00+00:00,658,0,"0,11917560280406131",,"0,11917560280406131"
2024-10-01 22:00:00+00:00,658,0,"0,11917560280406131",,"0,11917560280406131"
2024-10-01 23:00:00+00:00,658,0,"0,11917560280406131",,"0,11917560280406131"
2024-10-02 00:00:00+00:00,658,0,"0,11917560280406131","0,11917560280406131","0,11917560280406131"
2024-10-02 01:00:00+00:00,658,0,"0,11917560280406131","0,11917560280406131","0,11917560280406131"
2024-10-02 02:00:00+00:00,658,0,"0,11917560280406131","0,11917560280406131","0,11917560280406131"
2024-10-02 03:00:00+00:00,658,0,"0,11917560280406131","0,11917560280406131","0,11917560280406131"
2024-10-02 04:00:00+00:00,658,0,"0,11917560280406131","0,11917560280406131","0,11917560280406131"
2024-10-02 05:00:00+00:00,658,0,"0,11917560280406131","0,11917560280406131","0,11917560280406131"
2024-10-02 06:00:00+00:00,658,0,"0,11917560280406131","0,11917560280406131","0,11917560280406131"
2024-10-02 07:00:00+00:00,658,0,"0,11917560280406131","0,11917560280406131","0,11917560280406131"
2024-10-02 08:00:00+00:00,658,0,"0,11917560280406131","0,11917560280406131","0,11917560280406131"
2024-10-02 09:00:00+00:00,658,0,"0,11917560280406131","0,11917560280406131","0,11917560280406131"
2024-10-02 10:00:00+00:00,658,0,"0,11917560280406131","0,11917560280406131","0,11917560280406131"
2024-10-02 11:00:00+00:00,658,0,"0,11917560280406131","0,11917560280406131","0,11917560280406131"
2024-10-02 12:00:00+00:00,658,0,"0,11917560280406131","0,11917560280406131","0,11917560280406131"
2024-10-02 13:00:00+00:00,658,0,"0,11917560280406131","0,11917560280406131","0,11917560280406131"
2024-10-02 14:00:00+00:00,658,0,"0,11917560280406131","0,11917560280406131","0,11917560280406131"
2024-10-02 15:00:00+00:00,658,0,"0,11917560280406131","0,11917560280406131","0,11917560280406131"
2024-10-02 16:00:00+00:00,658,0,"0,11917560280406131","0,11917560280406131","0,11917560280406131"
2024-10-02 17:00:00+00:00,658,0,"0,11917560280406131","0,11917560280406131","0,11917560280406131"
2024-10-02 18:00:00+00:00,658,0,"0,11917560280406131","0,11917560280406131","0,11917560280406131"
2024-10-02 19:00:00+00:00,658,0,"0,11917560280406131","0,11917560280406131","0,11917560280406131"
2024-10-02 20:00:00+00:00,658,0,"0,11917560280406131","0,11917560280406131","0,11917560280406131"
2024-10-02 21:00:00+00:00,658,0,"0,11917560280406131","0,11917560280406131","0,11917560280406131"
2024-10-02 22:00:00+00:00,658,0,"0,11917560280406131","0,11917560280406131","0,11917560280406131"
2024-10-02 23:00:00+00:00,658,0,"0,11917560280406131","0,11917560280406131","0,11917560280406131"
2024-10-01 00:00:00+00:00,659,0,,,
2024-10-01 01:00:00+00:00,659,0,"0,7369017863795385",,
2024-10-01 02:00:00+00:00,659,0,"0,7369017863795385",,
2024-10-01 03:00:00+00:00,659,0,"0,7369017863795385",,"0,7369017863795385"
2024-10-01 04:00:00+00:00,659,0,"0,7369017863795385",,"0,7369017863795385"
2024-10-01 05:00:00+00:00,659,0,"0,7369017863795385",,"0,7369017863795385"
2024-10-01 06:00:00+00:00,659,0,"0,7369017863795385",,"0,7369017863795385"
2024-10-01 07:00:00+00:00,659,0,"0,7369017863795385",,"0,7369017863795385"
2024-10-01 08:00:00+00:00,659,0,"0,7369017863795385",,"0,7369017863795385"
2024-10-01 09:00:00+00:00,659,0,"0,7369017863795385",,"0,7369017863795385"
2024-10-01 10:00:00+00:00,659,0,"0,7369017863795385",,"0,7369017863795385"
2024-10-01 11:00:00+00:00,659,0,"0,7369017863795385",,"0,7369017863795385"
2024-10-01 12:00:00+00:00,659,0,"0,7369017863795385",,"0,7369017863795385"
2024-10-01 13:00:00+00:00,659,0,"0,7369017863795385",,"0,7369017863795385"
2024-10-01 14:00:00+00:00,659,0,"0,7369017863795385",,"0,7369017863795385"
2024-10-01 15:00:00+00:00,659,0,"0,7369017863795385",,"0,7369017863795385"
2024-10-01 16:00:00+00:00,659,0,"0,7369017863795385",,"0,7369017863795385"
2024-10-01 17:00:00+00:00,659,0,"0,7369017863795385",,"0,7369017863795385"
2024-10-01 18:00:00+00:00,659,0,"0,7369017863795385",,"0,7369017863795385"
2024-10-01 19:00:00+00:00,659,0,"0,7369017863795385",,"0,7369017863795385"
2024-10-01 20:00:00+00:00,659,0,"0,7369017863795385",,"0,7369017863795385"
2024-10-01 21:00:00+00:00,659,0,"0,7369017863795385",,"0,7369017863795385"
2024-10-01 22:00:00+00:00,659,0,"0,7369017863795385",,"0,7369017863795385"
2024-10-01 23:00:00+00:00,659,0,"0,7369017863795385",,"0,7369017863795385"
2024-10-02 00:00:00+00:00,659,0,"0,7369017863795385","0,7369017863795385","0,7369017863795385"
2024-10-02 01:00:00+00:00,659,0,"0,7369017863795385","0,7369017863795385","0,7369017863795385"
2024-10-02 02:00:00+00:00,659,0,"0,7369017863795385","0,7369017863795385","0,7369017863795385"
2024-10-02 03:00:00+00:00,659,0,"0,7369017863795385","0,7369017863795385","0,7369017863795385"
2024-10-02 04:00:00+00:00,659,0,"0,7369017863795385","0,7369017863795385","0,7369017863795385"
2024-10-02 05:00:00+00:00,659,0,"0,7369017863795385","0,7369017863795385","0,7369017863795385"
2024-10-02 06:00:00+00:00,659,0,"0,7369017863795385","0,7369017863795385","0,7369017863795385"
2024-10-02 07:00:00+00:00,659,0,"0,7369017863795385","0,7369017863795385","0,7369017863795385"
2024-10-02 08:00:00+00:00,659,0,"0,7369017863795385","0,7369017863795385","0,7369017863795385"
2024-10-02 09:00:00+00:00,659,0,"0,7369017863795385","0,7369017863795385","0,7369017863795385"
2024-10-02 10:00:00+00:00,659,0,"0,7369017863795385","0,7369017863795385","0,7369017863795385"
2024-10-02 11:00:00+00:00,659,0,"0,7369017863795385","0,7369017863795385","0,7369017863795385"
2024-10-02 12:00:00+00:00,659,0,"0,7369017863795385","0,7369017863795385","0,7369017863795385"
2024-10-02 13:00:00+00:00,659,0,"0,7369017863795385","0,7369017863795385","0,7369017863795385"
2024-10-02 14:00:00+00:00,659,0,"0,7369017863795385","0,7369017863795385","0,7369017863795385"
2024-10-02 15:00:00+00:00,659,0,"0,7369017863795385","0,7369017863795385","0,7369017863795385"
2024-10-02 16:00:00+00:00,659,0,"0,7369017863795385","0,7369017863795385","0,7369017863795385"
2024-10-02 17:00:00+00:00,659,0,"0,7369017863795385","0,7369017863795385","0,7369017863795385"
2024-10-02 18:00:00+00:00,659,0,"0,7369017863795385","0,7369017863795385","0,7369017863795385"
2024-10-02 19:00:00+00:00,659,0,"0,7369017863795385","0,7369017863795385","0,7369017863795385"
2024-10-02 20:00:00+00:00,659,0,"0,7369017863795385","0,7369017863795385","0,7369017863795385"
2024-10-02 21:00:00+00:00,659,0,"0,7369017863795385","0,7369017863795385","0,7369017863795385"
2024-10-02 22:00:00+00:00,659,0,"0,7369017863795385","0,7369017863795385","0,7369017863795385"
2024-10-02 23:00:00+00:00,659,0,"0,7369017863795385","0,7369017863795385","0,7369017863795385"
2024-10-01 00:00:00+00:00,682,0,,,
2024-10-01 01:00:00+00:00,682,0,"0,4962210495729774",,
2024-10-01 02:00:00+00:00,682,0,"0,4962210495729774",,
2024-10-01 03:00:00+00:00,682,0,"0,4962210495729774",,"0,4962210495729774"
2024-10-01 04:00:00+00:00,682,0,"0,4962210495729774",,"0,4962210495729774"
2024-10-01 05:00:00+00:00,682,0,"0,4962210495729774",,"0,4962210495729774"
2024-10-01 06:00:00+00:00,682,0,"0,4962210495729774",,"0,4962210495729774"
2024-10-01 07:00:00+00:00,682,0,"0,4962210495729774",,"0,4962210495729774"
2024-10-01 08:00:00+00:00,682,0,"0,4962210495729774",,"0,4962210495729774"
2024-10-01 09:00:00+00:00,682,0,"0,4962210495729774",,"0,4962210495729774"
2024-10-01 10:00:00+00:00,682,0,"0,4962210495729774",,"0,4962210495729774"
2024-10-01 11:00:00+00:00,682,0,"0,4962210495729774",,"0,4962210495729774"
2024-10-01 12:00:00+00:00,682,0,"0,4962210495729774",,"0,4962210495729774"
2024-10-01 13:00:00+00:00,682,0,"0,4962210495729774",,"0,4962210495729774"
2024-10-01 14:00:00+00:00,682,0,"0,4962210495729774",,"0,4962210495729774"
2024-10-01 15:00:00+00:00,682,0,"0,4962210495729774",,"0,4962210495729774"
2024-10-01 16:00:00+00:00,682,0,"0,4962210495729774",,"0,4962210495729774"
2024-10-01 17:00:00+00:00,682,0,"0,4962210495729774",,"0,4962210495729774"
2024-10-01 18:00:00+00:00,682,0,"0,4962210495729774",,"0,4962210495729774"
2024-10-01 19:00:00+00:00,682,0,"0,4962210495729774",,"0,4962210495729774"
2024-10-01 20:00:00+00:00,682,0,"0,4962210495729774",,"0,4962210495729774"
2024-10-01 21:00:00+00:00,682,0,"0,4962210495729774",,"0,4962210495729774"
2024-10-01 22:00:00+00:00,682,0,"0,4962210495729774",,"0,4962210495729774"
2024-10-01 23:00:00+00:00,682,0,"0,4962210495729774",,"0,4962210495729774"
2024-10-02 00:00:00+00:00,682,0,"0,4962210495729774","0,4962210495729774","0,4962210495729774"
2024-10-02 01:00:00+00:00,682,0,"0,4962210495729774","0,4962210495729774","0,4962210495729774"
2024-10-02 02:00:00+00:00,682,0,"0,4962210495729774","0,4962210495729774","0,4962210495729774"
2024-10-02 03:00:00+00:00,682,0,"0,4962210495729774","0,4962210495729774","0,4962210495729774"
2024-10-02 04:00:00+00:00,682,0,"0,4962210495729774","0,4962210495729774","0,4962210495729774"
2024-10-02 05:00:00+00:00,682,0,"0,4962210495729774","0,4962210495729774","0,4962210495729774"
2024-10-02 06:00:00+00:00,682,0,"0,4962210495729774","0,4962210495729774","0,4962210495729774"
2024-10-02 07:00:00+00:00,682,0,"0,4962210495729774","0,4962210495729774","0,4962210495729774"
2024-10-02 08:00:00+00:00,682,0,"0,4962210495729774","0,4962210495729774","0,4962210495729774"
2024-10-02 09:00:00+00:00,682,0,"0,4962210495729774","0,4962210495729774","0,4962210495729774"
2024-10-02 10:00:00+00:00,682,0,"0,4962210495729774","0,4962210495729774","0,4962210495729774"
2024-10-02 11:00:00+00:00,682,0,"0,4962210495729774","0,4962210495729774","0,4962210495729774"
2024-10-02 12:00:00+00:00,682,0,"0,4962210495729774","0,4962210495729774","0,4962210495729774"
2024-10-02 13:00:00+00:00,682,0,"0,4962210495729774","0,4962210495729774","0,4962210495729774"
2024-10-02 14:00:00+00:00,682,0,"0,4962210495729774","0,4962210495729774","0,4962210495729774"
2024-10-02 15:00:00+00:00,682,0,"0,4962210495729774","0,4962210495729774","0,4962210495729774"
2024-10-02 16:00:00+00:00,682,0,"0,4962210495729774","0,4962210495729774","0,4962210495729774"
2024-10-02 17:00:00+00:00,682,0,"0,4962210495729774","0,4962210495729774","0,4962210495729774"
2024-10-02 18:00:00+00:00,682,0,"0,4962210495729774","0,4962210495729774","0,4962210495729774"
2024-10-02 19:00:00+00:00,682,0,"0,4962210495729774","0,4962210495729774","0,4962210495729774"
2024-10-02 20:00:00+00:00,682,0,"0,4962210495729774","0,4962210495729774","0,4962210495729774"
2024-10-02 21:00:00+00:00,682,0,"0,4962210495729774","0,4962210495729774","0,4962210495729774"
2024-10-02 22:00:00+00:00,682,0,"0,4962210495729774","0,4962210495729774","0,4962210495729774"
2024-10-02 23:00:00+00:00,682,0,"0,4962210495729774","0,4962210495729774","0,4962210495729774"
2024-10-01 00:00:00+00:00,691,0,,,
2024-10-01 01:00:00+00:00,691,0,"0,11030889119957707",,
2024-10-01 02:00:00+00:00,691,0,"0,11030889119957707",,
2024-10-01 03:00:00+00:00,691,0,"0,11030889119957707",,"0,11030889119957707"
2024-10-01 04:00:00+00:00,691,0,"0,11030889119957707",,"0,11030889119957707"
2024-10-01 05:00:00+00:00,691,0,"0,11030889119957707",,"0,11030889119957707"
2024-10-01 06:00:00+00:00,691,0,"0,11030889119957707",,"0,11030889119957707"
2024-10-01 07:00:00+00:00,691,0,"0,11030889119957707",,"0,11030889119957707"
2024-10-01 08:00:00+00:00,691,0,"0,11030889119957707",,"0,11030889119957707"
2024-10-01 09:00:00+00:00,691,0,"0,11030889119957707",,"0,11030889119957707"
2024-10-01 10:00:00+00:00,691,0,"0,11030889119957707",,"0,11030889119957707"
2024-10-01 11:00:00+00:00,691,0,"0,11030889119957707",,"0,11030889119957707"
2024-10-01 12:00:00+00:00,691,0,"0,11030889119957707",,"0,11030889119957707"
2024-10-01 13:00:00+00:00,691,0,"0,11030889119957707",,"0,11030889119957707"
2024-10-01 14:00:00+00:00,691,0,"0,11030889119957707",,"0,11030889119957707"
2024-10-01 15:00:00+00:00,691,0,"0,11030889119957707",,"0,11030889119957707"
2024-10-01 16:00:00+00:00,691,0,"0,11030889119957707",,"0,11030889119957707"
2024-10-01 17:00:00+00:00,691,0,"0,11030889119957707",,"0,11030889119957707"
2024-10-01 18:00:00+00:00,691,0,"0,11030889119957707",,"0,11030889119957707"
2024-10-01 19:00:00+00:00,691,0,"0,11030889119957707",,"0,11030889119957707"
2024-10-01 20:00:00+00:00,691,0,"0,11030889119957707",,"0,11030889119957707"
2024-10-01 21:00:00+00:00,691,0,"0,11030889119957707",,"0,11030889119957707"
2024-10-01 22:00:00+00:00,691,0,"0,11030889119957707",,"0,11030889119957707"
2024-10-01 23:00:00+00:00,691,0,"0,11030889119957707",,"0,11030889119957707"
2024-10-02 00:00:00+00:00,691,0,"0,11030889119957707","0,11030889119957707","0,11030889119957707"
2024-10-02 01:00:00+00:00,691,0,"0,11030889119957707","0,11030889119957707","0,11030889119957707"
2024-10-02 02:00:00+00:00,691,0,"0,11030889119957707","0,11030889119957707","0,11030889119957707"
2024-10-02 03:00:00+00:00,691,0,"0,11030889119957707","0,11030889119957707","0,11030889119957707"
2024-10-02 04:00:00+00:00,691,0,"0,11030889119957707","0,11030889119957707","0,11030889119957707"
2024-10-02 05:00:00+00:00,691,0,"0,11030889119957707","0,11030889119957707","0,11030889119957707"
2024-10-02 06:00:00+00:00,691,0,"0,11030889119957707","0,11030889119957707","0,11030889119957707"
2024-10-02 07:00:00+00:00,691,0,"0,11030889119957707","0,11030889119957707","0,11030889119957707"
2024-10-02 08:00:00+00:00,691,0,"0,11030889119957707","0,11030889119957707","0,11030889119957707"
2024-10-02 09:00:00+00:00,691,0,"0,11030889119957707","0,11030889119957707","0,11030889119957707"
2024-10-02 10:00:00+00:00,691,0,"0,11030889119957707","0,11030889119957707","0,11030889119957707"
2024-10-02 11:00:00+00:00,691,0,"0,11030889119957707","0,11030889119957707","0,11030889119957707"
2024-10-02 12:00:00+00:00,691,0,"0,11030889119957707","0,11030889119957707","0,11030889119957707"
2024-10-02 13:00:00+00:00,691,0,"0,11030889119957707","0,11030889119957707","0,11030889119957707"
2024-10-02 14:00:00+00:00,691,0,"0,11030889119957707","0,11030889119957707","0,11030889119957707"
2024-10-02 15:00:00+00:00,691,0,"0,11030889119957707","0,11030889119957707","0,11030889119957707"
2024-10-02 16:00:00+00:00,691,0,"0,11030889119957707","0,11030889119957707","0,11030889119957707"
2024-10-02 17:00:00+00:00,691,0,"0,11030889119957707","0,11030889119957707","0,11030889119957707"
2024-10-02 18:00:00+00:00,691,0,"0,11030889119957707","0,11030889119957707","0,11030889119957707"
2024-10-02 19:00:00+00:00,691,0,"0,11030889119957707","0,11030889119957707","0,11030889119957707"
2024-10-02 20:00:00+00:00,691,0,"0,11030889119957707","0,11030889119957707","0,11030889119957707"
2024-10-02 21:00:00+00:00,691,0,"0,11030889119957707","0,11030889119957707","0,11030889119957707"
2024-10-02 22:00:00+00:00,691,0,"0,11030889119957707","0,11030889119957707","0,11030889119957707"
2024-10-02 23:00:00+00:00,691,0,"0,11030889119957707","0,11030889119957707","0,11030889119957707"
2024-10-01 00:00:00+00:00,692,0,,,
2024-10-01 01:00:00+00:00,692,0,"0,6095406570962216",,
2024-10-01 02:00:00+00:00,692,0,"0,6095406570962216",,
2024-10-01 03:00:00+00:00,692,0,"0,6095406570962216",,"0,6095406570962216"
2024-10-01 04:00:00+00:00,692,0,"0,6095406570962216",,"0,6095406570962216"
2024-10-01 05:00:00+00:00,692,0,"0,6095406570962216",,"0,6095406570962216"
2024-10-01 06:00:00+00:00,692,0,"0,6095406570962216",,"0,6095406570962216"
2024-10-01 07:00:00+00:00,692,0,"0,6095406570962216",,"0,6095406570962216"
2024-10-01 08:00:00+00:00,692,0,"0,6095406570962216",,"0,6095406570962216"
2024-10-01 09:00:00+00:00,692,0,"0,6095406570962216",,"0,6095406570962216"
2024-10-01 10:00:00+00:00,692,0,"0,6095406570962216",,"0,6095406570962216"
2024-10-01 11:00:00+00:00,692,0,"0,6095406570962216",,"0,6095406570962216"
2024-10-01 12:00:00+00:00,692,0,"0,6095406570962216",,"0,6095406570962216"
2024-10-01 13:00:00+00:00,692,0,"0,6095406570962216",,"0,6095406570962216"
2024-10-01 14:00:00+00:00,692,0,"0,6095406570962216",,"0,6095406570962216"
2024-10-01 15:00:00+00:00,692,0,"0,6095406570962216",,"0,6095406570962216"
2024-10-01 16:00:00+00:00,692,0,"0,6095406570962216",,"0,6095406570962216"
2024-10-01 17:00:00+00:00,692,0,"0,6095406570962216",,"0,6095406570962216"
2024-10-01 18:00:00+00:00,692,0,"0,6095406570962216",,"0,6095406570962216"
2024-10-01 19:00:00+00:00,692,0,"0,6095406570962216",,"0,6095406570962216"
2024-10-01 20:00:00+00:00,692,0,"0,6095406570962216",,"0,6095406570962216"
2024-10-01 21:00:00+00:00,692,0,"0,6095406570962216",,"0,6095406570962216"
2024-10-01 22:00:00+00:00,692,0,"0,6095406570962216",,"0,6095406570962216"
2024-10-01 23:00:00+00:00,692,0,"0,6095406570962216",,"0,6095406570962216"
2024-10-02 00:00:00+00:00,692,0,"0,6095406570962216","0,6095406570962216","0,6095406570962216"
2024-10-02 01:00:00+00:00,692,0,"0,6095406570962216","0,6095406570962216","0,6095406570962216"
2024-10-02 02:00:00+00:00,692,0,"0,6095406570962216","0,6095406570962216","0,6095406570962216"
2024-10-02 03:00:00+00:00,692,0,"0,6095406570962216","0,6095406570962216","0,6095406570962216"
2024-10-02 04:00:00+00:00,692,0,"0,6095406570962216","0,6095406570962216","0,6095406570962216"
2024-10-02 05:00:00+00:00,692,0,"0,6095406570962216","0,6095406570962216","0,6095406570962216"
2024-10-02 06:00:00+00:00,692,0,"0,6095406570962216","0,6095406570962216","0,6095406570962216"
2024-10-02 07:00:00+00:00,692,0,"0,6095406570962216","0,6095406570962216","0,6095406570962216"
2024-10-02 08:00:00+00:00,692,0,"0,6095406570962216","0,6095406570962216","0,6095406570962216"
2024-10-02 09:00:00+00:00,692,0,"0,6095406570962216","0,6095406570962216","0,6095406570962216"
2024-10-02 10:00:00+00:00,692,0,"0,6095406570962216","0,6095406570962216","0,6095406570962216"
2024-10-02 11:00:00+00:00,692,0,"0,6095406570962216","0,6095406570962216","0,6095406570962216"
2024-10-02 12:00:00+00:00,692,0,"0,6095406570962216","0,6095406570962216","0,6095406570962216"
2024-10-02 13:00:00+00:00,692,0,"0,6095406570962216","0,6095406570962216","0,6095406570962216"
2024-10-02 14:00:00+00:00,692,0,"0,6095406570962216","0,6095406570962216","0,6095406570962216"
2024-10-02 15:00:00+00:00,692,0,"0,6095406570962216","0,6095406570962216","0,6095406570962216"
2024-10-02 16:00:00+00:00,692,0,"0,6095406570962216","0,6095406570962216","0,6095406570962216"
2024-10-02 17:00:00+00:00,692,0,"0,6095406570962216","0,6095406570962216","0,6095406570962216"
2024-10-02 18:00:00+00:00,692,0,"0,6095406570962216","0,6095406570962216","0,6095406570962216"
2024-10-02 19:00:00+00:00,692,0,"0,6095406570962216","0,6095406570962216","0,6095406570962216"
2024-10-02 20:00:00+00:00,692,0,"0,6095406570962216","0,6095406570962216","0,6095406570962216"
2024-10-02 21:00:00+00:00,692,0,"0,6095406570962216","0,6095406570962216","0,6095406570962216"
2024-10-02 22:00:00+00:00,692,0,"0,6095406570962216","0,6095406570962216","0,6095406570962216"
2024-10-02 23:00:00+00:00,692,0,"0,6095406570962216","0,6095406570962216","0,6095406570962216"
2024-10-01 00:00:00+00:00,693,0,,,
2024-10-01 01:00:00+00:00,693,0,"5,688,751,416,433,390",,
2024-10-01 02:00:00+00:00,693,0,"5,688,751,416,433,390",,
2024-10-01 03:00:00+00:00,693,0,"5,688,751,416,433,390",,"5,688,751,416,433,390"
2024-10-01 04:00:00+00:00,693,0,"5,688,751,416,433,390",,"5,688,751,416,433,390"
2024-10-01 05:00:00+00:00,693,0,"5,688,751,416,433,390",,"5,688,751,416,433,390"
2024-10-01 06:00:00+00:00,693,0,"5,688,751,416,433,390",,"5,688,751,416,433,390"
2024-10-01 07:00:00+00:00,693,0,"5,688,751,416,433,390",,"5,688,751,416,433,390"
2024-10-01 08:00:00+00:00,693,0,"5,688,751,416,433,390",,"5,688,751,416,433,390"
2024-10-01 09:00:00+00:00,693,0,"5,688,751,416,433,390",,"5,688,751,416,433,390"
2024-10-01 10:00:00+00:00,693,0,"5,688,751,416,433,390",,"5,688,751,416,433,390"
2024-10-01 11:00:00+00:00,693,0,"5,688,751,416,433,390",,"5,688,751,416,433,390"
2024-10-01 12:00:00+00:00,693,0,"5,688,751,416,433,390",,"5,688,751,416,433,390"
2024-10-01 13:00:00+00:00,693,0,"5,688,751,416,433,390",,"5,688,751,416,433,390"
2024-10-01 14:00:00+00:00,693,0,"5,688,751,416,433,390",,"5,688,751,416,433,390"
2024-10-01 15:00:00+00:00,693,0,"5,688,751,416,433,390",,"5,688,751,416,433,390"
2024-10-01 16:00:00+00:00,693,0,"5,688,751,416,433,390",,"5,688,751,416,433,390"
2024-10-01 17:00:00+00:00,693,0,"5,688,751,416,433,390",,"5,688,751,416,433,390"
2024-10-01 18:00:00+00:00,693,0,"5,688,751,416,433,390",,"5,688,751,416,433,390"
2024-10-01 19:00:00+00:00,693,0,"5,688,751,416,433,390",,"5,688,751,416,433,390"
2024-10-01 20:00:00+00:00,693,0,"5,688,751,416,433,390",,"5,688,751,416,433,390"
2024-10-01 21:00:00+00:00,693,0,"5,688,751,416,433,390",,"5,688,751,416,433,390"
2024-10-01 22:00:00+00:00,693,0,"5,688,751,416,433,390",,"5,688,751,416,433,390"
2024-10-01 23:00:00+00:00,693,0,"5,688,751,416,433,390",,"5,688,751,416,433,390"
2024-10-02 00:00:00+00:00,693,0,"5,688,751,416,433,390","5,688,751,416,433,390","5,688,751,416,433,390"
2024-10-02 01:00:00+00:00,693,0,"5,688,751,416,433,390","5,688,751,416,433,390","5,688,751,416,433,390"
2024-10-02 02:00:00+00:00,693,0,"5,688,751,416,433,390","5,688,751,416,433,390","5,688,751,416,433,390"
2024-10-02 03:00:00+00:00,693,0,"5,688,751,416,433,390","5,688,751,416,433,390","5,688,751,416,433,390"
2024-10-02 04:00:00+00:00,693,0,"5,688,751,416,433,390","5,688,751,416,433,390","5,688,751,416,433,390"
2024-10-02 05:00:00+00:00,693,0,"5,688,751,416,433,390","5,688,751,416,433,390","5,688,751,416,433,390"
2024-10-02 06:00:00+00:00,693,0,"5,688,751,416,433,390","5,688,751,416,433,390","5,688,751,416,433,390"
2024-10-02 07:00:00+00:00,693,0,"5,688,751,416,433,390","5,688,751,416,433,390","5,688,751,416,433,390"
2024-10-02 08:00:00+00:00,693,0,"5,688,751,416,433,390","5,688,751,416,433,390","5,688,751,416,433,390"
2024-10-02 09:00:00+00:00,693,0,"5,688,751,416,433,390","5,688,751,416,433,390","5,688,751,416,433,390"
2024-10-02 10:00:00+00:00,693,0,"5,688,751,416,433,390","5,688,751,416,433,390","5,688,751,416,433,390"
2024-10-02 11:00:00+00:00,693,0,"5,688,751,416,433,390","5,688,751,416,433,390","5,688,751,416,433,390"
2024-10-02 12:00:00+00:00,693,0,"5,688,751,416,433,390","5,688,751,416,433,390","5,688,751,416,433,390"
2024-10-02 13:00:00+00:00,693,0,"5,688,751,416,433,390","5,688,751,416,433,390","5,688,751,416,433,390"
2024-10-02 14:00:00+00:00,693,0,"5,688,751,416,433,390","5,688,751,416,433,390","5,688,751,416,433,390"
2024-10-02 15:00:00+00:00,693,0,"5,688,751,416,433,390","5,688,751,416,433,390","5,688,751,416,433,390"
2024-10-02 16:00:00+00:00,693,0,"5,688,751,416,433,390","5,688,751,416,433,390","5,688,751,416,433,390"
2024-10-02 17:00:00+00:00,693,0,"5,688,751,416,433,390","5,688,751,416,433,390","5,688,751,416,433,390"
2024-10-02 18:00:00+00:00,693,0,"5,688,751,416,433,390","5,688,751,416,433,390","5,688,751,416,433,390"
2024-10-02 19:00:00+00:00,693,0,"5,688,751,416,433,390","5,688,751,416,433,390","5,688,751,416,433,390"
2024-10-02 20:00:00+00:00,693,0,"5,688,751,416,433,390","5,688,751,416,433,390","5,688,751,416,433,390"
2024-10-02 21:00:00+00:00,693,0,"5,688,751,416,433,390","5,688,751,416,433,390","5,688,751,416,433,390"
2024-10-02 22:00:00+00:00,693,0,"5,688,751,416,433,390","5,688,751,416,433,390","5,688,751,416,433,390"
2024-10-02 23:00:00+00:00,693,0,"5,688,751,416,433,390","5,688,751,416,433,390","5,688,751,416,433,390"
2024-10-01 00:00:00+00:00,694,0,,,
2024-10-01 01:00:00+00:00,694,0,"0,10617590514972393",,
2024-10-01 02:00:00+00:00,694,0,"0,10617590514972393",,
2024-10-01 03:00:00+00:00,694,0,"0,10617590514972393",,"0,10617590514972393"
2024-10-01 04:00:00+00:00,694,0,"0,10617590514972393",,"0,10617590514972393"
2024-10-01 05:00:00+00:00,694,0,"0,10617590514972393",,"0,10617590514972393"
2024-10-01 06:00:00+00:00,694,0,"0,10617590514972393",,"0,10617590514972393"
2024-10-01 07:00:00+00:00,694,0,"0,10617590514972393",,"0,10617590514972393"
2024-10-01 08:00:00+00:00,694,0,"0,10617590514972393",,"0,10617590514972393"
2024-10-01 09:00:00+00:00,694,0,"0,10617590514972393",,"0,10617590514972393"
2024-10-01 10:00:00+00:00,694,0,"0,10617590514972393",,"0,10617590514972393"
2024-10-01 11:00:00+00:00,694,0,"0,10617590514972393",,"0,10617590514972393"
2024-10-01 12:00:00+00:00,694,0,"0,10617590514972393",,"0,10617590514972393"
2024-10-01 13:00:00+00:00,694,0,"0,10617590514972393",,"0,10617590514972393"
2024-10-01 14:00:00+00:00,694,0,"0,10617590514972393",,"0,10617590514972393"
2024-10-01 15:00:00+00:00,694,0,"0,10617590514972393",,"0,10617590514972393"
2024-10-01 16:00:00+00:00,694,0,"0,10617590514972393",,"0,10617590514972393"
2024-10-01 17:00:00+00:00,694,0,"0,10617590514972393",,"0,10617590514972393"
2024-10-01 18:00:00+00:00,694,0,"0,10617590514972393",,"0,10617590514972393"
2024-10-01 19:00:00+00:00,694,0,"0,10617590514972393",,"0,10617590514972393"
2024-10-01 20:00:00+00:00,694,0,"0,10617590514972393",,"0,10617590514972393"
2024-10-01 21:00:00+00:00,694,0,"0,10617590514972393",,"0,10617590514972393"
2024-10-01 22:00:00+00:00,694,0,"0,10617590514972393",,"0,10617590514972393"
2024-10-01 23:00:00+00:00,694,0,"0,10617590514972393",,"0,10617590514972393"
2024-10-02 00:00:00+00:00,694,0,"0,10617590514972393","0,10617590514972393","0,10617590514972393"
2024-10-02 01:00:00+00:00,694,0,"0,10617590514972393","0,10617590514972393","0,10617590514972393"
2024-10-02 02:00:00+00:00,694,0,"0,10617590514972393","0,10617590514972393","0,10617590514972393"
2024-10-02 03:00:00+00:00,694,0,"0,10617590514972393","0,10617590514972393","0,10617590514972393"
2024-10-02 04:00:00+00:00,694,0,"0,10617590514972393","0,10617590514972393","0,10617590514972393"
2024-10-02 05:00:00+00:00,694,0,"0,10617590514972393","0,10617590514972393","0,10617590514972393"
2024-10-02 06:00:00+00:00,694,0,"0,10617590514972393","0,10617590514972393","0,10617590514972393"
2024-10-02 07:00:00+00:00,694,0,"0,10617590514972393","0,10617590514972393","0,10617590514972393"
2024-10-02 08:00:00+00:00,694,0,"0,10617590514972393","0,10617590514972393","0,10617590514972393"
2024-10-02 09:00:00+00:00,694,0,"0,10617590514972393","0,10617590514972393","0,10617590514972393"
2024-10-02 10:00:00+00:00,694,0,"0,10617590514972393","0,10617590514972393","0,10617590514972393"
2024-10-02 11:00:00+00:00,694,0,"0,10617590514972393","0,10617590514972393","0,10617590514972393"
2024-10-02 12:00:00+00:00,694,0,"0,10617590514972393","0,10617590514972393","0,10617590514972393"
2024-10-02 13:00:00+00:00,694,0,"0,10617590514972393","0,10617590514972393","0,10617590514972393"
2024-10-02 14:00:00+00:00,694,0,"0,10617590514972393","0,10617590514972393","0,10617590514972393"
2024-10-02 15:00:00+00:00,694,0,"0,10617590514972393","0,10617590514972393","0,10617590514972393"
2024-10-02 16:00:00+00:00,694,0,"0,10617590514972393","0,10617590514972393","0,10617590514972393"
2024-10-02 17:00:00+00:00,694,0,"0,10617590514972393","0,10617590514972393","0,10617590514972393"
2024-10-02 18:00:00+00:00,694,0,"0,10617590514972393","0,10617590514972393","0,10617590514972393"
2024-10-02 19:00:00+00:00,694,0,"0,10617590514972393","0,10617590514972393","0,10617590514972393"
2024-10-02 20:00:00+00:00,694,0,"0,10617590514972393","0,10617590514972393","0,10617590514972393"
2024-10-02 21:00:00+00:00,694,0,"0,10617590514972393","0,10617590514972393","0,10617590514972393"
2024-10-02 22:00:00+00:00,694,0,"0,10617590514972393","0,10617590514972393","0,10617590514972393"
2024-10-02 23:00:00+00:00,694,0,"0,10617590514972393","0,10617590514972393","0,10617590514972393"
2024-10-01 00:00:00+00:00,695,0,,,
2024-10-01 01:00:00+00:00,695,0,"0,718827704095543",,
2024-10-01 02:00:00+00:00,695,0,"0,718827704095543",,
2024-10-01 03:00:00+00:00,695,0,"0,718827704095543",,"0,718827704095543"
2024-10-01 04:00:00+00:00,695,0,"0,718827704095543",,"0,718827704095543"
2024-10-01 05:00:00+00:00,695,0,"0,718827704095543",,"0,718827704095543"
2024-10-01 06:00:00+00:00,695,0,"0,718827704095543",,"0,718827704095543"
2024-10-01 07:00:00+00:00,695,0,"0,718827704095543",,"0,718827704095543"
2024-10-01 08:00:00+00:00,695,0,"0,718827704095543",,"0,718827704095543"
2024-10-01 09:00:00+00:00,695,0,"0,718827704095543",,"0,718827704095543"
2024-10-01 10:00:00+00:00,695,0,"0,718827704095543",,"0,718827704095543"
2024-10-01 11:00:00+00:00,695,0,"0,718827704095543",,"0,718827704095543"
2024-10-01 12:00:00+00:00,695,0,"0,718827704095543",,"0,718827704095543"
2024-10-01 13:00:00+00:00,695,0,"0,718827704095543",,"0,718827704095543"
2024-10-01 14:00:00+00:00,695,0,"0,718827704095543",,"0,718827704095543"
2024-10-01 15:00:00+00:00,695,0,"0,718827704095543",,"0,718827704095543"
2024-10-01 16:00:00+00:00,695,0,"0,718827704095543",,"0,718827704095543"
2024-10-01 17:00:00+00:00,695,0,"0,718827704095543",,"0,718827704095543"
2024-10-01 18:00:00+00:00,695,0,"0,718827704095543",,"0,718827704095543"
2024-10-01 19:00:00+00:00,695,0,"0,718827704095543",,"0,718827704095543"
2024-10-01 20:00:00+00:00,695,0,"0,718827704095543",,"0,718827704095543"
2024-10-01 21:00:00+00:00,695,0,"0,718827704095543",,"0,718827704095543"
2024-10-01 22:00:00+00:00,695,0,"0,718827704095543",,"0,718827704095543"
2024-10-01 23:00:00+00:00,695,0,"0,718827704095543",,"0,718827704095543"
2024-10-02 00:00:00+00:00,695,0,"0,718827704095543","0,718827704095543","0,718827704095543"
2024-10-02 01:00:00+00:00,695,0,"0,718827704095543","0,718827704095543","0,718827704095543"
2024-10-02 02:00:00+00:00,695,0,"0,718827704095543","0,718827704095543","0,718827704095543"
2024-10-02 03:00:00+00:00,695,0,"0,718827704095543","0,718827704095543","0,718827704095543"
2024-10-02 04:00:00+00:00,695,0,"0,718827704095543","0,718827704095543","0,718827704095543"
2024-10-02 05:00:00+00:00,695,0,"0,718827704095543","0,718827704095543","0,718827704095543"
2024-10-02 06:00:00+00:00,695,0,"0,718827704095543","0,718827704095543","0,718827704095543"
2024-10-02 07:00:00+00:00,695,0,"0,718827704095543","0,718827704095543","0,718827704095543"
2024-10-02 08:00:00+00:00,695,0,"0,718827704095543","0,718827704095543","0,718827704095543"
2024-10-02 09:00:00+00:00,695,0,"0,718827704095543","0,718827704095543","0,718827704095543"
2024-10-02 10:00:00+00:00,695,0,"0,718827704095543","0,718827704095543","0,718827704095543"
2024-10-02 11:00:00+00:00,695,0,"0,718827704095543","0,718827704095543","0,718827704095543"
2024-10-02 12:00:00+00:00,695,0,"0,718827704095543","0,718827704095543","0,718827704095543"
2024-10-02 13:00:00+00:00,695,0,"0,718827704095543","0,718827704095543","0,718827704095543"
2024-10-02 14:00:00+00:00,695,0,"0,718827704095543","0,718827704095543","0,718827704095543"
2024-10-02 15:00:00+00:00,695,0,"0,718827704095543","0,718827704095543","0,718827704095543"
2024-10-02 16:00:00+00:00,695,0,"0,718827704095543","0,718827704095543","0,718827704095543"
2024-10-02 17:00:00+00:00,695,0,"0,718827704095543","0,718827704095543","0,718827704095543"
2024-10-02 18:00:00+00:00,695,0,"0,718827704095543","0,718827704095543","0,718827704095543"
2024-10-02 19:00:00+00:00,695,0,"0,718827704095543","0,718827704095543","0,718827704095543"
2024-10-02 20:00:00+00:00,695,0,"0,718827704095543","0,718827704095543","0,718827704095543"
2024-10-02 21:00:00+00:00,695,0,"0,718827704095543","0,718827704095543","0,718827704095543"
2024-10-02 22:00:00+00:00,695,0,"0,718827704095543","0,718827704095543","0,718827704095543"
2024-10-02 23:00:00+00:00,695,0,"0,718827704095543","0,718827704095543","0,718827704095543"
2024-10-01 00:00:00+00:00,697,0,,,
2024-10-01 01:00:00+00:00,697,0,"0,07163629387068224",,
2024-10-01 02:00:00+00:00,697,0,"0,07163629387068224",,
2024-10-01 03:00:00+00:00,697,0,"0,07163629387068224",,"0,07163629387068224"
2024-10-01 04:00:00+00:00,697,0,"0,07163629387068224",,"0,07163629387068224"
2024-10-01 05:00:00+00:00,697,0,"0,07163629387068224",,"0,07163629387068224"
2024-10-01 06:00:00+00:00,697,0,"0,07163629387068224",,"0,07163629387068224"
2024-10-01 07:00:00+00:00,697,0,"0,07163629387068224",,"0,07163629387068224"
2024-10-01 08:00:00+00:00,697,0,"0,07163629387068224",,"0,07163629387068224"
2024-10-01 09:00:00+00:00,697,0,"0,07163629387068224",,"0,07163629387068224"
2024-10-01 10:00:00+00:00,697,0,"0,07163629387068224",,"0,07163629387068224"
2024-10-01 11:00:00+00:00,697,0,"0,07163629387068224",,"0,07163629387068224"
2024-10-01 12:00:00+00:00,697,0,"0,07163629387068224",,"0,07163629387068224"
2024-10-01 13:00:00+00:00,697,0,"0,07163629387068224",,"0,07163629387068224"
2024-10-01 14:00:00+00:00,697,0,"0,07163629387068224",,"0,07163629387068224"
2024-10-01 15:00:00+00:00,697,0,"0,07163629387068224",,"0,07163629387068224"
2024-10-01 16:00:00+00:00,697,0,"0,07163629387068224",,"0,07163629387068224"
2024-10-01 17:00:00+00:00,697,0,"0,07163629387068224",,"0,07163629387068224"
2024-10-01 18:00:00+00:00,697,0,"0,07163629387068224",,"0,07163629387068224"
2024-10-01 19:00:00+00:00,697,0,"0,07163629387068224",,"0,07163629387068224"
2024-10-01 20:00:00+00:00,697,0,"0,07163629387068224",,"0,07163629387068224"
2024-10-01 21:00:00+00:00,697,0,"0,07163629387068224",,"0,07163629387068224"
2024-10-01 22:00:00+00:00,697,0,"0,07163629387068224",,"0,07163629387068224"
2024-10-01 23:00:00+00:00,697,0,"0,07163629387068224",,"0,07163629387068224"
2024-10-02 00:00:00+00:00,697,0,"0,07163629387068224","0,07163629387068224","0,07163629387068224"
2024-10-02 01:00:00+00:00,697,0,"0,07163629387068224","0,07163629387068224","0,07163629387068224"
2024-10-02 02:00:00+00:00,697,0,"0,07163629387068224","0,07163629387068224","0,07163629387068224"
2024-10-02 03:00:00+00:00,697,0,"0,07163629387068224","0,07163629387068224","0,07163629387068224"
2024-10-02 04:00:00+00:00,697,0,"0,07163629387068224","0,07163629387068224","0,07163629387068224"
2024-10-02 05:00:00+00:00,697,0,"0,07163629387068224","0,07163629387068224","0,07163629387068224"
2024-10-02 06:00:00+00:00,697,0,"0,07163629387068224","0,07163629387068224","0,07163629387068224"
2024-10-02 07:00:00+00:00,697,0,"0,07163629387068224","0,07163629387068224","0,07163629387068224"
2024-10-02 08:00:00+00:00,697,0,"0,07163629387068224","0,07163629387068224","0,07163629387068224"
2024-10-02 09:00:00+00:00,697,0,"0,07163629387068224","0,07163629387068224","0,07163629387068224"
2024-10-02 10:00:00+00:00,697,0,"0,07163629387068224","0,07163629387068224","0,07163629387068224"
2024-10-02 11:00:00+00:00,697,0,"0,07163629387068224","0,07163629387068224","0,07163629387068224"
2024-10-02 12:00:00+00:00,697,0,"0,07163629387068224","0,07163629387068224","0,07163629387068224"
2024-10-02 13:00:00+00:00,697,0,"0,07163629387068224","0,07163629387068224","0,07163629387068224"
2024-10-02 14:00:00+00:00,697,0,"0,07163629387068224","0,07163629387068224","0,07163629387068224"
2024-10-02 15:00:00+00:00,697,0,"0,07163629387068224","0,07163629387068224","0,07163629387068224"
2024-10-02 16:00:00+00:00,697,0,"0,07163629387068224","0,07163629387068224","0,07163629387068224"
2024-10-02 17:00:00+00:00,697,0,"0,07163629387068224","0,07163629387068224","0,07163629387068224"
2024-10-02 18:00:00+00:00,697,0,"0,07163629387068224","0,07163629387068224","0,07163629387068224"
2024-10-02 19:00:00+00:00,697,0,"0,07163629387068224","0,07163629387068224","0,07163629387068224"
2024-10-02 20:00:00+00:00,697,0,"0,07163629387068224","0,07163629387068224","0,07163629387068224"
2024-10-02 21:00:00+00:00,697,0,"0,07163629387068224","0,07163629387068224","0,07163629387068224"
2024-10-02 22:00:00+00:00,697,0,"0,07163629387068224","0,07163629387068224","0,07163629387068224"
2024-10-02 23:00:00+00:00,697,0,"0,07163629387068224","0,07163629387068224","0,07163629387068224"
2024-10-01 00:00:00+00:00,698,0,,,
2024-10-01 01:00:00+00:00,698,0,"0,4797803926800409",,
2024-10-01 02:00:00+00:00,698,0,"0,4797803926800409",,
2024-10-01 03:00:00+00:00,698,0,"0,4797803926800409",,"0,4797803926800409"
2024-10-01 04:00:00+00:00,698,0,"0,4797803926800409",,"0,4797803926800409"
2024-10-01 05:00:00+00:00,698,0,"0,4797803926800409",,"0,4797803926800409"
2024-10-01 06:00:00+00:00,698,0,"0,4797803926800409",,"0,4797803926800409"
2024-10-01 07:00:00+00:00,698,0,"0,4797803926800409",,"0,4797803926800409"
2024-10-01 08:00:00+00:00,698,0,"0,4797803926800409",,"0,4797803926800409"
2024-10-01 09:00:00+00:00,698,0,"0,4797803926800409",,"0,4797803926800409"
2024-10-01 10:00:00+00:00,698,0,"0,4797803926800409",,"0,4797803926800409"
2024-10-01 11:00:00+00:00,698,0,"0,4797803926800409",,"0,4797803926800409"
2024-10-01 12:00:00+00:00,698,0,"0,4797803926800409",,"0,4797803926800409"
2024-10-01 13:00:00+00:00,698,0,"0,4797803926800409",,"0,4797803926800409"
2024-10-01 14:00:00+00:00,698,0,"0,4797803926800409",,"0,4797803926800409"
2024-10-01 15:00:00+00:00,698,0,"0,4797803926800409",,"0,4797803926800409"
2024-10-01 16:00:00+00:00,698,0,"0,4797803926800409",,"0,4797803926800409"
2024-10-01 17:00:00+00:00,698,0,"0,4797803926800409",,"0,4797803926800409"
2024-10-01 18:00:00+00:00,698,0,"0,4797803926800409",,"0,4797803926800409"
2024-10-01 19:00:00+00:00,698,0,"0,4797803926800409",,"0,4797803926800409"
2024-10-01 20:00:00+00:00,698,0,"0,4797803926800409",,"0,4797803926800409"
2024-10-01 21:00:00+00:00,698,0,"0,4797803926800409",,"0,4797803926800409"
2024-10-01 22:00:00+00:00,698,0,"0,4797803926800409",,"0,4797803926800409"
2024-10-01 23:00:00+00:00,698,0,"0,4797803926800409",,"0,4797803926800409"
2024-10-02 00:00:00+00:00,698,0,"0,4797803926800409","0,4797803926800409","0,4797803926800409"
2024-10-02 01:00:00+00:00,698,0,"0,4797803926800409","0,4797803926800409","0,4797803926800409"
2024-10-02 02:00:00+00:00,698,0,"0,4797803926800409","0,4797803926800409","0,4797803926800409"
2024-10-02 03:00:00+00:00,698,0,"0,4797803926800409","0,4797803926800409","0,4797803926800409"
2024-10-02 04:00:00+00:00,698,0,"0,4797803926800409","0,4797803926800409","0,4797803926800409"
2024-10-02 05:00:00+00:00,698,0,"0,4797803926800409","0,4797803926800409","0,4797803926800409"
2024-10-02 06:00:00+00:00,698,0,"0,4797803926800409","0,4797803926800409","0,4797803926800409"
2024-10-02 07:00:00+00:00,698,0,"0,4797803926800409","0,4797803926800409","0,4797803926800409"
2024-10-02 08:00:00+00:00,698,0,"0,4797803926800409","0,4797803926800409","0,4797803926800409"
2024-10-02 09:00:00+00:00,698,0,"0,4797803926800409","0,4797803926800409","0,4797803926800409"
2024-10-02 10:00:00+00:00,698,0,"0,4797803926800409","0,4797803926800409","0,4797803926800409"
2024-10-02 11:00:00+00:00,698,0,"0,4797803926800409","0,4797803926800409","0,4797803926800409"
2024-10-02 12:00:00+00:00,698,0,"0,4797803926800409","0,4797803926800409","0,4797803926800409"
2024-10-02 13:00:00+00:00,698,0,"0,4797803926800409","0,4797803926800409","0,4797803926800409"
2024-10-02 14:00:00+00:00,698,0,"0,4797803926800409","0,4797803926800409","0,4797803926800409"
2024-10-02 15:00:00+00:00,698,0,"0,4797803926800409","0,4797803926800409","0,4797803926800409"
2024-10-02 16:00:00+00:00,698,0,"0,4797803926800409","0,4797803926800409","0,4797803926800409"
2024-10-02 17:00:00+00:00,698,0,"0,4797803926800409","0,4797803926800409","0,4797803926800409"
2024-10-02 18:00:00+00:00,698,0,"0,4797803926800409","0,4797803926800409","0,4797803926800409"
2024-10-02 19:00:00+00:00,698,0,"0,4797803926800409","0,4797803926800409","0,4797803926800409"
2024-10-02 20:00:00+00:00,698,0,"0,4797803926800409","0,4797803926800409","0,4797803926800409"
2024-10-02 21:00:00+00:00,698,0,"0,4797803926800409","0,4797803926800409","0,4797803926800409"
2024-10-02 22:00:00+00:00,698,0,"0,4797803926800409","0,4797803926800409","0,4797803926800409"
2024-10-02 23:00:00+00:00,698,0,"0,4797803926800409","0,4797803926800409","0,4797803926800409"
2024-10-01 00:00:00+00:00,705,0,,,
2024-10-01 01:00:00+00:00,705,0,"0,1106528433728897",,
2024-10-01 02:00:00+00:00,705,0,"0,1106528433728897",,
2024-10-01 03:00:00+00:00,705,0,"0,1106528433728897",,"0,1106528433728897"
2024-10-01 04:00:00+00:00,705,0,"0,1106528433728897",,"0,1106528433728897"
2024-10-01 05:00:00+00:00,705,0,"0,1106528433728897",,"0,1106528433728897"
2024-10-01 06:00:00+00:00,705,0,"0,1106528433728897",,"0,1106528433728897"
2024-10-01 07:00:00+00:00,705,0,"0,1106528433728897",,"0,1106528433728897"
2024-10-01 08:00:00+00:00,705,0,"0,1106528433728897",,"0,1106528433728897"
2024-10-01 09:00:00+00:00,705,0,"0,1106528433728897",,"0,1106528433728897"
2024-10-01 10:00:00+00:00,705,0,"0,1106528433728897",,"0,1106528433728897"
2024-10-01 11:00:00+00:00,705,0,"0,1106528433728897",,"0,1106528433728897"
2024-10-01 12:00:00+00:00,705,0,"0,1106528433728897",,"0,1106528433728897"
2024-10-01 13:00:00+00:00,705,0,"0,1106528433728897",,"0,1106528433728897"
2024-10-01 14:00:00+00:00,705,0,"0,1106528433728897",,"0,1106528433728897"
2024-10-01 15:00:00+00:00,705,0,"0,1106528433728897",,"0,1106528433728897"
2024-10-01 16:00:00+00:00,705,0,"0,1106528433728897",,"0,1106528433728897"
2024-10-01 17:00:00+00:00,705,0,"0,1106528433728897",,"0,1106528433728897"
2024-10-01 18:00:00+00:00,705,0,"0,1106528433728897",,"0,1106528433728897"
2024-10-01 19:00:00+00:00,705,0,"0,1106528433728897",,"0,1106528433728897"
2024-10-01 20:00:00+00:00,705,0,"0,1106528433728897",,"0,1106528433728897"
2024-10-01 21:00:00+00:00,705,0,"0,1106528433728897",,"0,1106528433728897"
2024-10-01 22:00:00+00:00,705,0,"0,1106528433728897",,"0,1106528433728897"
2024-10-01 23:00:00+00:00,705,0,"0,1106528433728897",,"0,1106528433728897"
2024-10-02 00:00:00+00:00,705,0,"0,1106528433728897","0,1106528433728897","0,1106528433728897"
2024-10-02 01:00:00+00:00,705,0,"0,1106528433728897","0,1106528433728897","0,1106528433728897"
2024-10-02 02:00:00+00:00,705,0,"0,1106528433728897","0,1106528433728897","0,1106528433728897"
2024-10-02 03:00:00+00:00,705,0,"0,1106528433728897","0,1106528433728897","0,1106528433728897"
2024-10-02 04:00:00+00:00,705,0,"0,1106528433728897","0,1106528433728897","0,1106528433728897"
2024-10-02 05:00:00+00:00,705,0,"0,1106528433728897","0,1106528433728897","0,1106528433728897"
2024-10-02 06:00:00+00:00,705,0,"0,1106528433728897","0,1106528433728897","0,1106528433728897"
2024-10-02 07:00:00+00:00,705,0,"0,1106528433728897","0,1106528433728897","0,1106528433728897"
2024-10-02 08:00:00+00:00,705,0,"0,1106528433728897","0,1106528433728897","0,1106528433728897"
2024-10-02 09:00:00+00:00,705,0,"0,1106528433728897","0,1106528433728897","0,1106528433728897"
2024-10-02 10:00:00+00:00,705,0,"0,1106528433728897","0,1106528433728897","0,1106528433728897"
2024-10-02 11:00:00+00:00,705,0,"0,1106528433728897","0,1106528433728897","0,1106528433728897"
2024-10-02 12:00:00+00:00,705,0,"0,1106528433728897","0,1106528433728897","0,1106528433728897"
2024-10-02 13:00:00+00:00,705,0,"0,1106528433728897","0,1106528433728897","0,1106528433728897"
2024-10-02 14:00:00+00:00,705,0,"0,1106528433728897","0,1106528433728897","0,1106528433728897"
2024-10-02 15:00:00+00:00,705,0,"0,1106528433728897","0,1106528433728897","0,1106528433728897"
2024-10-02 16:00:00+00:00,705,0,"0,1106528433728897","0,1106528433728897","0,1106528433728897"
2024-10-02 17:00:00+00:00,705,0,"0,1106528433728897","0,1106528433728897","0,1106528433728897"
2024-10-02 18:00:00+00:00,705,0,"0,1106528433728897","0,1106528433728897","0,1106528433728897"
2024-10-02 19:00:00+00:00,705,0,"0,1106528433728897","0,1106528433728897","0,1106528433728897"
2024-10-02 20:00:00+00:00,705,0,"0,1106528433728897","0,1106528433728897","0,1106528433728897"
2024-10-02 21:00:00+00:00,705,0,"0,1106528433728897","0,1106528433728897","0,1106528433728897"
2024-10-02 22:00:00+00:00,705,0,"0,1106528433728897","0,1106528433728897","0,1106528433728897"
2024-10-02 23:00:00+00:00,705,0,"0,1106528433728897","0,1106528433728897","0,1106528433728897"
2024-10-01 00:00:00+00:00,706,0,,,
2024-10-01 01:00:00+00:00,706,0,"0,3543736318038155",,
2024-10-01 02:00:00+00:00,706,0,"0,3543736318038155",,
2024-10-01 03:00:00+00:00,706,0,"0,3543736318038155",,"0,3543736318038155"
2024-10-01 04:00:00+00:00,706,0,"0,3543736318038155",,"0,3543736318038155"
2024-10-01 05:00:00+00:00,706,0,"0,3543736318038155",,"0,3543736318038155"
2024-10-01 06:00:00+00:00,706,0,"0,3543736318038155",,"0,3543736318038155"
2024-10-01 07:00:00+00:00,706,0,"0,3543736318038155",,"0,3543736318038155"
2024-10-01 08:00:00+00:00,706,0,"0,3543736318038155",,"0,3543736318038155"
2024-10-01 09:00:00+00:00,706,0,"0,3543736318038155",,"0,3543736318038155"
2024-10-01 10:00:00+00:00,706,0,"0,3543736318038155",,"0,3543736318038155"
2024-10-01 11:00:00+00:00,706,0,"0,3543736318038155",,"0,3543736318038155"
2024-10-01 12:00:00+00:00,706,0,"0,3543736318038155",,"0,3543736318038155"
2024-10-01 13:00:00+00:00,706,0,"0,3543736318038155",,"0,3543736318038155"
2024-10-01 14:00:00+00:00,706,0,"0,3543736318038155",,"0,3543736318038155"
2024-10-01 15:00:00+00:00,706,0,"0,3543736318038155",,"0,3543736318038155"
2024-10-01 16:00:00+00:00,706,0,"0,3543736318038155",,"0,3543736318038155"
2024-10-01 17:00:00+00:00,706,0,"0,3543736318038155",,"0,3543736318038155"
2024-10-01 18:00:00+00:00,706,0,"0,3543736318038155",,"0,3543736318038155"
2024-10-01 19:00:00+00:00,706,0,"0,3543736318038155",,"0,3543736318038155"
2024-10-01 20:00:00+00:00,706,0,"0,3543736318038155",,"0,3543736318038155"
2024-10-01 21:00:00+00:00,706,0,"0,3543736318038155",,"0,3543736318038155"
2024-10-01 22:00:00+00:00,706,0,"0,3543736318038155",,"0,3543736318038155"
2024-10-01 23:00:00+00:00,706,0,"0,3543736318038155",,"0,3543736318038155"
2024-10-02 00:00:00+00:00,706,0,"0,3543736318038155","0,3543736318038155","0,3543736318038155"
2024-10-02 01:00:00+00:00,706,0,"0,3543736318038155","0,3543736318038155","0,3543736318038155"
2024-10-02 02:00:00+00:00,706,0,"0,3543736318038155","0,3543736318038155","0,3543736318038155"
2024-10-02 03:00:00+00:00,706,0,"0,3543736318038155","0,3543736318038155","0,3543736318038155"
2024-10-02 04:00:00+00:00,706,0,"0,3543736318038155","0,3543736318038155","0,3543736318038155"
2024-10-02 05:00:00+00:00,706,0,"0,3543736318038155","0,3543736318038155","0,3543736318038155"
2024-10-02 06:00:00+00:00,706,0,"0,3543736318038155","0,3543736318038155","0,3543736318038155"
2024-10-02 07:00:00+00:00,706,0,"0,3543736318038155","0,3543736318038155","0,3543736318038155"
2024-10-02 08:00:00+00:00,706,0,"0,3543736318038155","0,3543736318038155","0,3543736318038155"
2024-10-02 09:00:00+00:00,706,0,"0,3543736318038155","0,3543736318038155","0,3543736318038155"
2024-10-02 10:00:00+00:00,706,0,"0,3543736318038155","0,3543736318038155","0,3543736318038155"
2024-10-02 11:00:00+00:00,706,0,"0,3543736318038155","0,3543736318038155","0,3543736318038155"
2024-10-02 12:00:00+00:00,706,0,"0,3543736318038155","0,3543736318038155","0,3543736318038155"
2024-10-02 13:00:00+00:00,706,0,"0,3543736318038155","0,3543736318038155","0,3543736318038155"
2024-10-02 14:00:00+00:00,706,0,"0,3543736318038155","0,3543736318038155","0,3543736318038155"
2024-10-02 15:00:00+00:00,706,0,"0,3543736318038155","0,3543736318038155","0,3543736318038155"
2024-10-02 16:00:00+00:00,706,0,"0,3543736318038155","0,3543736318038155","0,3543736318038155"
2024-10-02 17:00:00+00:00,706,0,"0,3543736318038155","0,3543736318038155","0,3543736318038155"
2024-10-02 18:00:00+00:00,706,0,"0,3543736318038155","0,3543736318038155","0,3543736318038155"
2024-10-02 19:00:00+00:00,706,0,"0,3543736318038155","0,3543736318038155","0,3543736318038155"
2024-10-02 20:00:00+00:00,706,0,"0,3543736318038155","0,3543736318038155","0,3543736318038155"
2024-10-02 21:00:00+00:00,706,0,"0,3543736318038155","0,3543736318038155","0,3543736318038155"
2024-10-02 22:00:00+00:00,706,0,"0,3543736318038155","0,3543736318038155","0,3543736318038155"
2024-10-02 23:00:00+00:00,706,0,"0,3543736318038155","0,3543736318038155","0,3543736318038155"
2024-10-01 00:00:00+00:00,707,0,,,
2024-10-01 01:00:00+00:00,707,0,"0,10381565088711141",,
2024-10-01 02:00:00+00:00,707,0,"0,10381565088711141",,
2024-10-01 03:00:00+00:00,707,0,"0,10381565088711141",,"0,10381565088711141"
2024-10-01 04:00:00+00:00,707,0,"0,10381565088711141",,"0,10381565088711141"
2024-10-01 05:00:00+00:00,707,0,"0,10381565088711141",,"0,10381565088711141"
2024-10-01 06:00:00+00:00,707,0,"0,10381565088711141",,"0,10381565088711141"
2024-10-01 07:00:00+00:00,707,0,"0,10381565088711141",,"0,10381565088711141"
2024-10-01 08:00:00+00:00,707,0,"0,10381565088711141",,"0,10381565088711141"
2024-10-01 09:00:00+00:00,707,0,"0,10381565088711141",,"0,10381565088711141"
2024-10-01 10:00:00+00:00,707,0,"0,10381565088711141",,"0,10381565088711141"
2024-10-01 11:00:00+00:00,707,0,"0,10381565088711141",,"0,10381565088711141"
2024-10-01 12:00:00+00:00,707,0,"0,10381565088711141",,"0,10381565088711141"
2024-10-01 13:00:00+00:00,707,0,"0,10381565088711141",,"0,10381565088711141"
2024-10-01 14:00:00+00:00,707,0,"0,10381565088711141",,"0,10381565088711141"
2024-10-01 15:00:00+00:00,707,0,"0,10381565088711141",,"0,10381565088711141"
2024-10-01 16:00:00+00:00,707,0,"0,10381565088711141",,"0,10381565088711141"
2024-10-01 17:00:00+00:00,707,0,"0,10381565088711141",,"0,10381565088711141"
2024-10-01 18:00:00+00:00,707,0,"0,10381565088711141",,"0,10381565088711141"
2024-10-01 19:00:00+00:00,707,0,"0,10381565088711141",,"0,10381565088711141"
2024-10-01 20:00:00+00:00,707,0,"0,10381565088711141",,"0,10381565088711141"
2024-10-01 21:00:00+00:00,707,0,"0,10381565088711141",,"0,10381565088711141"
2024-10-01 22:00:00+00:00,707,0,"0,10381565088711141",,"0,10381565088711141"
2024-10-01 23:00:00+00:00,707,0,"0,10381565088711141",,"0,10381565088711141"
2024-10-02 00:00:00+00:00,707,0,"0,10381565088711141","0,10381565088711141","0,10381565088711141"
2024-10-02 01:00:00+00:00,707,0,"0,10381565088711141","0,10381565088711141","0,10381565088711141"
2024-10-02 02:00:00+00:00,707,0,"0,10381565088711141","0,10381565088711141","0,10381565088711141"
2024-10-02 03:00:00+00:00,707,0,"0,10381565088711141","0,10381565088711141","0,10381565088711141"
2024-10-02 04:00:00+00:00,707,0,"0,10381565088711141","0,10381565088711141","0,10381565088711141"
2024-10-02 05:00:00+00:00,707,0,"0,10381565088711141","0,10381565088711141","0,10381565088711141"
2024-10-02 06:00:00+00:00,707,0,"0,10381565088711141","0,10381565088711141","0,10381565088711141"
2024-10-02 07:00:00+00:00,707,0,"0,10381565088711141","0,10381565088711141","0,10381565088711141"
2024-10-02 08:00:00+00:00,707,0,"0,10381565088711141","0,10381565088711141","0,10381565088711141"
2024-10-02 09:00:00+00:00,707,0,"0,10381565088711141","0,10381565088711141","0,10381565088711141"
2024-10-02 10:00:00+00:00,707,0,"0,10381565088711141","0,10381565088711141","0,10381565088711141"
2024-10-02 11:00:00+00:00,707,0,"0,10381565088711141","0,10381565088711141","0,10381565088711141"
2024-10-02 12:00:00+00:00,707,0,"0,10381565088711141","0,10381565088711141","0,10381565088711141"
2024-10-02 13:00:00+00:00,707,0,"0,10381565088711141","0,10381565088711141","0,10381565088711141"
2024-10-02 14:00:00+00:00,707,0,"0,10381565088711141","0,10381565088711141","0,10381565088711141"
2024-10-02 15:00:00+00:00,707,0,"0,10381565088711141","0,10381565088711141","0,10381565088711141"
2024-10-02 16:00:00+00:00,707,0,"0,10381565088711141","0,10381565088711141","0,10381565088711141"
2024-10-02 17:00:00+00:00,707,0,"0,10381565088711141","0,10381565088711141","0,10381565088711141"
2024-10-02 18:00:00+00:00,707,0,"0,10381565088711141","0,10381565088711141","0,10381565088711141"
2024-10-02 19:00:00+00:00,707,0,"0,10381565088711141","0,10381565088711141","0,10381565088711141"
2024-10-02 20:00:00+00:00,707,0,"0,10381565088711141","0,10381565088711141","0,10381565088711141"
2024-10-02 21:00:00+00:00,707,0,"0,10381565088711141","0,10381565088711141","0,10381565088711141"
2024-10-02 22:00:00+00:00,707,0,"0,10381565088711141","0,10381565088711141","0,10381565088711141"
2024-10-02 23:00:00+00:00,707,0,"0,10381565088711141","0,10381565088711141","0,10381565088711141"
2024-10-01 00:00:00+00:00,708,0,,,
2024-10-01 01:00:00+00:00,708,0,"0,41999401893540445",,
2024-10-01 02:00:00+00:00,708,0,"0,41999401893540445",,
2024-10-01 03:00:00+00:00,708,0,"0,41999401893540445",,"0,41999401893540445"
2024-10-01 04:00:00+00:00,708,0,"0,41999401893540445",,"0,41999401893540445"
2024-10-01 05:00:00+00:00,708,0,"0,41999401893540445",,"0,41999401893540445"
2024-10-01 06:00:00+00:00,708,0,"0,41999401893540445",,"0,41999401893540445"
2024-10-01 07:00:00+00:00,708,0,"0,41999401893540445",,"0,41999401893540445"
2024-10-01 08:00:00+00:00,708,0,"0,41999401893540445",,"0,41999401893540445"
2024-10-01 09:00:00+00:00,708,0,"0,41999401893540445",,"0,41999401893540445"
2024-10-01 10:00:00+00:00,708,0,"0,41999401893540445",,"0,41999401893540445"
2024-10-01 11:00:00+00:00,708,0,"0,41999401893540445",,"0,41999401893540445"
2024-10-01 12:00:00+00:00,708,0,"0,41999401893540445",,"0,41999401893540445"
2024-10-01 13:00:00+00:00,708,0,"0,41999401893540445",,"0,41999401893540445"
2024-10-01 14:00:00+00:00,708,0,"0,41999401893540445",,"0,41999401893540445"
2024-10-01 15:00:00+00:00,708,0,"0,41999401893540445",,"0,41999401893540445"
2024-10-01 16:00:00+00:00,708,0,"0,41999401893540445",,"0,41999401893540445"
2024-10-01 17:00:00+00:00,708,0,"0,41999401893540445",,"0,41999401893540445"
2024-10-01 18:00:00+00:00,708,0,"0,41999401893540445",,"0,41999401893540445"
2024-10-01 19:00:00+00:00,708,0,"0,41999401893540445",,"0,41999401893540445"
2024-10-01 20:00:00+00:00,708,0,"0,41999401893540445",,"0,41999401893540445"
2024-10-01 21:00:00+00:00,708,0,"0,41999401893540445",,"0,41999401893540445"
2024-10-01 22:00:00+00:00,708,0,"0,41999401893540445",,"0,41999401893540445"
2024-10-01 23:00:00+00:00,708,0,"0,41999401893540445",,"0,41999401893540445"
2024-10-02 00:00:00+00:00,708,0,"0,41999401893540445","0,41999401893540445","0,41999401893540445"
2024-10-02 01:00:00+00:00,708,0,"0,41999401893540445","0,41999401893540445","0,41999401893540445"
2024-10-02 02:00:00+00:00,708,0,"0,41999401893540445","0,41999401893540445","0,41999401893540445"
2024-10-02 03:00:00+00:00,708,0,"0,41999401893540445","0,41999401893540445","0,41999401893540445"
2024-10-02 04:00:00+00:00,708,0,"0,41999401893540445","0,41999401893540445","0,41999401893540445"
2024-10-02 05:00:00+00:00,708,0,"0,41999401893540445","0,41999401893540445","0,41999401893540445"
2024-10-02 06:00:00+00:00,708,0,"0,41999401893540445","0,41999401893540445","0,41999401893540445"
2024-10-02 07:00:00+00:00,708,0,"0,41999401893540445","0,41999401893540445","0,41999401893540445"
2024-10-02 08:00:00+00:00,708,0,"0,41999401893540445","0,41999401893540445","0,41999401893540445"
2024-10-02 09:00:00+00:00,708,0,"0,41999401893540445","0,41999401893540445","0,41999401893540445"
2024-10-02 10:00:00+00:00,708,0,"0,41999401893540445","0,41999401893540445","0,41999401893540445"
2024-10-02 11:00:00+00:00,708,0,"0,41999401893540445","0,41999401893540445","0,41999401893540445"
2024-10-02 12:00:00+00:00,708,0,"0,41999401893540445","0,41999401893540445","0,41999401893540445"
2024-10-02 13:00:00+00:00,708,0,"0,41999401893540445","0,41999401893540445","0,41999401893540445"
2024-10-02 14:00:00+00:00,708,0,"0,41999401893540445","0,41999401893540445","0,41999401893540445"
2024-10-02 15:00:00+00:00,708,0,"0,41999401893540445","0,41999401893540445","0,41999401893540445"
2024-10-02 16:00:00+00:00,708,0,"0,41999401893540445","0,41999401893540445","0,41999401893540445"
2024-10-02 17:00:00+00:00,708,0,"0,41999401893540445","0,41999401893540445","0,41999401893540445"
2024-10-02 18:00:00+00:00,708,0,"0,41999401893540445","0,41999401893540445","0,41999401893540445"
2024-10-02 19:00:00+00:00,708,0,"0,41999401893540445","0,41999401893540445","0,41999401893540445"
2024-10-02 20:00:00+00:00,708,0,"0,41999401893540445","0,41999401893540445","0,41999401893540445"
2024-10-02 21:00:00+00:00,708,0,"0,41999401893540445","0,41999401893540445","0,41999401893540445"
2024-10-02 22:00:00+00:00,708,0,"0,41999401893540445","0,41999401893540445","0,41999401893540445"
2024-10-02 23:00:00+00:00,708,0,"0,41999401893540445","0,41999401893540445","0,41999401893540445"
2024-10-01 00:00:00+00:00,709,0,,,
2024-10-01 01:00:00+00:00,709,0,"0,09373809692507437",,
2024-10-01 02:00:00+00:00,709,0,"0,09373809692507437",,
2024-10-01 03:00:00+00:00,709,0,"0,09373809692507437",,"0,09373809692507437"
2024-10-01 04:00:00+00:00,709,0,"0,09373809692507437",,"0,09373809692507437"
2024-10-01 05:00:00+00:00,709,0,"0,09373809692507437",,"0,09373809692507437"
2024-10-01 06:00:00+00:00,709,0,"0,09373809692507437",,"0,09373809692507437"
2024-10-01 07:00:00+00:00,709,0,"0,09373809692507437",,"0,09373809692507437"
2024-10-01 08:00:00+00:00,709,0,"0,09373809692507437",,"0,09373809692507437"
2024-10-01 09:00:00+00:00,709,0,"0,09373809692507437",,"0,09373809692507437"
2024-10-01 10:00:00+00:00,709,0,"0,09373809692507437",,"0,09373809692507437"
2024-10-01 11:00:00+00:00,709,0,"0,09373809692507437",,"0,09373809692507437"
2024-10-01 12:00:00+00:00,709,0,"0,09373809692507437",,"0,09373809692507437"
2024-10-01 13:00:00+00:00,709,0,"0,09373809692507437",,"0,09373809692507437"
2024-10-01 14:00:00+00:00,709,0,"0,09373809692507437",,"0,09373809692507437"
2024-10-01 15:00:00+00:00,709,0,"0,09373809692507437",,"0,09373809692507437"
2024-10-01 16:00:00+00:00,709,0,"0,09373809692507437",,"0,09373809692507437"
2024-10-01 17:00:00+00:00,709,0,"0,09373809692507437",,"0,09373809692507437"
2024-10-01 18:00:00+00:00,709,0,"0,09373809692507437",,"0,09373809692507437"
2024-10-01 19:00:00+00:00,709,0,"0,09373809692507437",,"0,09373809692507437"
2024-10-01 20:00:00+00:00,709,0,"0,09373809692507437",,"0,09373809692507437"
2024-10-01 21:00:00+00:00,709,0,"0,09373809692507437",,"0,09373809692507437"
2024-10-01 22:00:00+00:00,709,0,"0,09373809692507437",,"0,09373809692507437"
2024-10-01 23:00:00+00:00,709,0,"0,09373809692507437",,"0,09373809692507437"
2024-10-02 00:00:00+00:00,709,0,"0,09373809692507437","0,09373809692507437","0,09373809692507437"
2024-10-02 01:00:00+00:00,709,0,"0,09373809692507437","0,09373809692507437","0,09373809692507437"
2024-10-02 02:00:00+00:00,709,0,"0,09373809692507437","0,09373809692507437","0,09373809692507437"
2024-10-02 03:00:00+00:00,709,0,"0,09373809692507437","0,09373809692507437","0,09373809692507437"
2024-10-02 04:00:00+00:00,709,0,"0,09373809692507437","0,09373809692507437","0,09373809692507437"
2024-10-02 05:00:00+00:00,709,0,"0,09373809692507437","0,09373809692507437","0,09373809692507437"
2024-10-02 06:00:00+00:00,709,0,"0,09373809692507437","0,09373809692507437","0,09373809692507437"
2024-10-02 07:00:00+00:00,709,0,"0,09373809692507437","0,09373809692507437","0,09373809692507437"
2024-10-02 08:00:00+00:00,709,0,"0,09373809692507437","0,09373809692507437","0,09373809692507437"
2024-10-02 09:00:00+00:00,709,0,"0,09373809692507437","0,09373809692507437","0,09373809692507437"
2024-10-02 10:00:00+00:00,709,0,"0,09373809692507437","0,09373809692507437","0,09373809692507437"
2024-10-02 11:00:00+00:00,709,0,"0,09373809692507437","0,09373809692507437","0,09373809692507437"
2024-10-02 12:00:00+00:00,709,0,"0,09373809692507437","0,09373809692507437","0,09373809692507437"
2024-10-02 13:00:00+00:00,709,0,"0,09373809692507437","0,09373809692507437","0,09373809692507437"
2024-10-02 14:00:00+00:00,709,0,"0,09373809692507437","0,09373809692507437","0,09373809692507437"
2024-10-02 15:00:00+00:00,709,0,"0,09373809692507437","0,09373809692507437","0,09373809692507437"
2024-10-02 16:00:00+00:00,709,0,"0,09373809692507437","0,09373809692507437","0,09373809692507437"
2024-10-02 17:00:00+00:00,709,0,"0,09373809692507437","0,09373809692507437","0,09373809692507437"
2024-10-02 18:00:00+00:00,709,0,"0,09373809692507437","0,09373809692507437","0,09373809692507437"
2024-10-02 19:00:00+00:00,709,0,"0,09373809692507437","0,09373809692507437","0,09373809692507437"
2024-10-02 20:00:00+00:00,709,0,"0,09373809692507437","0,09373809692507437","0,09373809692507437"
2024-10-02 21:00:00+00:00,709,0,"0,09373809692507437","0,09373809692507437","0,09373809692507437"
2024-10-02 22:00:00+00:00,709,0,"0,09373809692507437","0,09373809692507437","0,09373809692507437"
2024-10-02 23:00:00+00:00,709,0,"0,09373809692507437","0,09373809692507437","0,09373809692507437"
2024-10-01 00:00:00+00:00,738,0,,,
2024-10-01 01:00:00+00:00,738,0,"0,6071881360139444",,
2024-10-01 02:00:00+00:00,738,0,"0,6071881360139444",,
2024-10-01 03:00:00+00:00,738,0,"0,6071881360139444",,"0,6071881360139444"
2024-10-01 04:00:00+00:00,738,0,"0,6071881360139444",,"0,6071881360139444"
2024-10-01 05:00:00+00:00,738,0,"0,6071881360139444",,"0,6071881360139444"
2024-10-01 06:00:00+00:00,738,0,"0,6071881360139444",,"0,6071881360139444"
2024-10-01 07:00:00+00:00,738,0,"0,6071881360139444",,"0,6071881360139444"
2024-10-01 08:00:00+00:00,738,0,"0,6071881360139444",,"0,6071881360139444"
2024-10-01 09:00:00+00:00,738,0,"0,6071881360139444",,"0,6071881360139444"
2024-10-01 10:00:00+00:00,738,0,"0,6071881360139444",,"0,6071881360139444"
2024-10-01 11:00:00+00:00,738,0,"0,6071881360139444",,"0,6071881360139444"
2024-10-01 12:00:00+00:00,738,0,"0,6071881360139444",,"0,6071881360139444"
2024-10-01 13:00:00+00:00,738,0,"0,6071881360139444",,"0,6071881360139444"
2024-10-01 14:00:00+00:00,738,0,"0,6071881360139444",,"0,6071881360139444"
2024-10-01 15:00:00+00:00,738,0,"0,6071881360139444",,"0,6071881360139444"
2024-10-01 16:00:00+00:00,738,0,"0,6071881360139444",,"0,6071881360139444"
2024-10-01 17:00:00+00:00,738,0,"0,6071881360139444",,"0,6071881360139444"
2024-10-01 18:00:00+00:00,738,0,"0,6071881360139444",,"0,6071881360139444"
2024-10-01 19:00:00+00:00,738,0,"0,6071881360139444",,"0,6071881360139444"
2024-10-01 20:00:00+00:00,738,0,"0,6071881360139444",,"0,6071881360139444"
2024-10-01 21:00:00+00:00,738,0,"0,6071881360139444",,"0,6071881360139444"
2024-10-01 22:00:00+00:00,738,0,"0,6071881360139444",,"0,6071881360139444"
2024-10-01 23:00:00+00:00,738,0,"0,6071881360139444",,"0,6071881360139444"
2024-10-02 00:00:00+00:00,738,0,"0,6071881360139444","0,6071881360139444","0,6071881360139444"
2024-10-02 01:00:00+00:00,738,0,"0,6071881360139444","0,6071881360139444","0,6071881360139444"
2024-10-02 02:00:00+00:00,738,0,"0,6071881360139444","0,6071881360139444","0,6071881360139444"
2024-10-02 03:00:00+00:00,738,0,"0,6071881360139444","0,6071881360139444","0,6071881360139444"
2024-10-02 04:00:00+00:00,738,0,"0,6071881360139444","0,6071881360139444","0,6071881360139444"
2024-10-02 05:00:00+00:00,738,0,"0,6071881360139444","0,6071881360139444","0,6071881360139444"
2024-10-02 06:00:00+00:00,738,0,"0,6071881360139444","0,6071881360139444","0,6071881360139444"
2024-10-02 07:00:00+00:00,738,0,"0,6071881360139444","0,6071881360139444","0,6071881360139444"
2024-10-02 08:00:00+00:00,738,0,"0,6071881360139444","0,6071881360139444","0,6071881360139444"
2024-10-02 09:00:00+00:00,738,0,"0,6071881360139444","0,6071881360139444","0,6071881360139444"
2024-10-02 10:00:00+00:00,738,0,"0,6071881360139444","0,6071881360139444","0,6071881360139444"
2024-10-02 11:00:00+00:00,738,0,"0,6071881360139444","0,6071881360139444","0,6071881360139444"
2024-10-02 12:00:00+00:00,738,0,"0,6071881360139444","0,6071881360139444","0,6071881360139444"
2024-10-02 13:00:00+00:00,738,0,"0,6071881360139444","0,6071881360139444","0,6071881360139444"
2024-10-02 14:00:00+00:00,738,0,"0,6071881360139444","0,6071881360139444","0,6071881360139444"
2024-10-02 15:00:00+00:00,738,0,"0,6071881360139444","0,6071881360139444","0,6071881360139444"
2024-10-02 16:00:00+00:00,738,0,"0,6071881360139444","0,6071881360139444","0,6071881360139444"
2024-10-02 17:00:00+00:00,738,0,"0,6071881360139444","0,6071881360139444","0,6071881360139444"
2024-10-02 18:00:00+00:00,738,0,"0,6071881360139444","0,6071881360139444","0,6071881360139444"
2024-10-02 19:00:00+00:00,738,0,"0,6071881360139444","0,6071881360139444","0,6071881360139444"
2024-10-02 20:00:00+00:00,738,0,"0,6071881360139444","0,6071881360139444","0,6071881360139444"
2024-10-02 21:00:00+00:00,738,0,"0,6071881360139444","0,6071881360139444","0,6071881360139444"
2024-10-02 22:00:00+00:00,738,0,"0,6071881360139444","0,6071881360139444","0,6071881360139444"
2024-10-02 23:00:00+00:00,738,0,"0,6071881360139444","0,6071881360139444","0,6071881360139444"
2024-10-01 00:00:00+00:00,740,0,,,
2024-10-01 01:00:00+00:00,740,0,"0,06865458037671499",,
2024-10-01 02:00:00+00:00,740,0,"0,06865458037671499",,
2024-10-01 03:00:00+00:00,740,0,"0,06865458037671499",,"0,06865458037671499"
2024-10-01 04:00:00+00:00,740,0,"0,06865458037671499",,"0,06865458037671499"
2024-10-01 05:00:00+00:00,740,0,"0,06865458037671499",,"0,06865458037671499"
2024-10-01 06:00:00+00:00,740,0,"0,06865458037671499",,"0,06865458037671499"
2024-10-01 07:00:00+00:00,740,0,"0,06865458037671499",,"0,06865458037671499"
2024-10-01 08:00:00+00:00,740,0,"0,06865458037671499",,"0,06865458037671499"
2024-10-01 09:00:00+00:00,740,0,"0,06865458037671499",,"0,06865458037671499"
2024-10-01 10:00:00+00:00,740,0,"0,06865458037671499",,"0,06865458037671499"
2024-10-01 11:00:00+00:00,740,0,"0,06865458037671499",,"0,06865458037671499"
2024-10-01 12:00:00+00:00,740,0,"0,06865458037671499",,"0,06865458037671499"
2024-10-01 13:00:00+00:00,740,0,"0,06865458037671499",,"0,06865458037671499"
2024-10-01 14:00:00+00:00,740,0,"0,06865458037671499",,"0,06865458037671499"
2024-10-01 15:00:00+00:00,740,0,"0,06865458037671499",,"0,06865458037671499"
2024-10-01 16:00:00+00:00,740,0,"0,06865458037671499",,"0,06865458037671499"
2024-10-01 17:00:00+00:00,740,0,"0,06865458037671499",,"0,06865458037671499"
2024-10-01 18:00:00+00:00,740,0,"0,06865458037671499",,"0,06865458037671499"
2024-10-01 19:00:00+00:00,740,0,"0,06865458037671499",,"0,06865458037671499"
2024-10-01 20:00:00+00:00,740,0,"0,06865458037671499",,"0,06865458037671499"
2024-10-01 21:00:00+00:00,740,0,"0,06865458037671499",,"0,06865458037671499"
2024-10-01 22:00:00+00:00,740,0,"0,06865458037671499",,"0,06865458037671499"
2024-10-01 23:00:00+00:00,740,0,"0,06865458037671499",,"0,06865458037671499"
2024-10-02 00:00:00+00:00,740,0,"0,06865458037671499","0,06865458037671499","0,06865458037671499"
2024-10-02 01:00:00+00:00,740,0,"0,06865458037671499","0,06865458037671499","0,06865458037671499"
2024-10-02 02:00:00+00:00,740,0,"0,06865458037671499","0,06865458037671499","0,06865458037671499"
2024-10-02 03:00:00+00:00,740,0,"0,06865458037671499","0,06865458037671499","0,06865458037671499"
2024-10-02 04:00:00+00:00,740,0,"0,06865458037671499","0,06865458037671499","0,06865458037671499"
2024-10-02 05:00:00+00:00,740,0,"0,06865458037671499","0,06865458037671499","0,06865458037671499"
2024-10-02 06:00:00+00:00,740,0,"0,06865458037671499","0,06865458037671499","0,06865458037671499"
2024-10-02 07:00:00+00:00,740,0,"0,06865458037671499","0,06865458037671499","0,06865458037671499"
2024-10-02 08:00:00+00:00,740,0,"0,06865458037671499","0,06865458037671499","0,06865458037671499"
2024-10-02 09:00:00+00:00,740,0,"0,06865458037671499","0,06865458037671499","0,06865458037671499"
2024-10-02 10:00:00+00:00,740,0,"0,06865458037671499","0,06865458037671499","0,06865458037671499"
2024-10-02 11:00:00+00:00,740,0,"0,06865458037671499","0,06865458037671499","0,06865458037671499"
2024-10-02 12:00:00+00:00,740,0,"0,06865458037671499","0,06865458037671499","0,06865458037671499"
2024-10-02 13:00:00+00:00,740,0,"0,06865458037671499","0,06865458037671499","0,06865458037671499"
2024-10-02 14:00:00+00:00,740,0,"0,06865458037671499","0,06865458037671499","0,06865458037671499"
2024-10-02 15:00:00+00:00,740,0,"0,06865458037671499","0,06865458037671499","0,06865458037671499"
2024-10-02 16:00:00+00:00,740,0,"0,06865458037671499","0,06865458037671499","0,06865458037671499"
2024-10-02 17:00:00+00:00,740,0,"0,06865458037671499","0,06865458037671499","0,06865458037671499"
2024-10-02 18:00:00+00:00,740,0,"0,06865458037671499","0,06865458037671499","0,06865458037671499"
2024-10-02 19:00:00+00:00,740,0,"0,06865458037671499","0,06865458037671499","0,06865458037671499"
2024-10-02 20:00:00+00:00,740,0,"0,06865458037671499","0,06865458037671499","0,06865458037671499"
2024-10-02 21:00:00+00:00,740,0,"0,06865458037671499","0,06865458037671499","0,06865458037671499"
2024-10-02 22:00:00+00:00,740,0,"0,06865458037671499","0,06865458037671499","0,06865458037671499"
2024-10-02 23:00:00+00:00,740,0,"0,06865458037671499","0,06865458037671499","0,06865458037671499"
2024-10-01 00:00:00+00:00,741,0,,,
2024-10-01 01:00:00+00:00,741,0,"0,4417138482505772",,
2024-10-01 02:00:00+00:00,741,0,"0,4417138482505772",,
2024-10-01 03:00:00+00:00,741,0,"0,4417138482505772",,"0,4417138482505772"
2024-10-01 04:00:00+00:00,741,0,"0,4417138482505772",,"0,4417138482505772"
2024-10-01 05:00:00+00:00,741,0,"0,4417138482505772",,"0,4417138482505772"
2024-10-01 06:00:00+00:00,741,0,"0,4417138482505772",,"0,4417138482505772"
2024-10-01 07:00:00+00:00,741,0,"0,4417138482505772",,"0,4417138482505772"
2024-10-01 08:00:00+00:00,741,0,"0,4417138482505772",,"0,4417138482505772"
2024-10-01 09:00:00+00:00,741,0,"0,4417138482505772",,"0,4417138482505772"
2024-10-01 10:00:00+00:00,741,0,"0,4417138482505772",,"0,4417138482505772"
2024-10-01 11:00:00+00:00,741,0,"0,4417138482505772",,"0,4417138482505772"
2024-10-01 12:00:00+00:00,741,0,"0,4417138482505772",,"0,4417138482505772"
2024-10-01 13:00:00+00:00,741,0,"0,4417138482505772",,"0,4417138482505772"
2024-10-01 14:00:00+00:00,741,0,"0,4417138482505772",,"0,4417138482505772"
2024-10-01 15:00:00+00:00,741,0,"0,4417138482505772",,"0,4417138482505772"
2024-10-01 16:00:00+00:00,741,0,"0,4417138482505772",,"0,4417138482505772"
2024-10-01 17:00:00+00:00,741,0,"0,4417138482505772",,"0,4417138482505772"
2024-10-01 18:00:00+00:00,741,0,"0,4417138482505772",,"0,4417138482505772"
2024-10-01 19:00:00+00:00,741,0,"0,4417138482505772",,"0,4417138482505772"
2024-10-01 20:00:00+00:00,741,0,"0,4417138482505772",,"0,4417138482505772"
2024-10-01 21:00:00+00:00,741,0,"0,4417138482505772",,"0,4417138482505772"
2024-10-01 22:00:00+00:00,741,0,"0,4417138482505772",,"0,4417138482505772"
2024-10-01 23:00:00+00:00,741,0,"0,4417138482505772",,"0,4417138482505772"
2024-10-02 00:00:00+00:00,741,0,"0,4417138482505772","0,4417138482505772","0,4417138482505772"
2024-10-02 01:00:00+00:00,741,0,"0,4417138482505772","0,4417138482505772","0,4417138482505772"
2024-10-02 02:00:00+00:00,741,0,"0,4417138482505772","0,4417138482505772","0,4417138482505772"
2024-10-02 03:00:00+00:00,741,0,"0,4417138482505772","0,4417138482505772","0,4417138482505772"
2024-10-02 04:00:00+00:00,741,0,"0,4417138482505772","0,4417138482505772","0,4417138482505772"
2024-10-02 05:00:00+00:00,741,0,"0,4417138482505772","0,4417138482505772","0,4417138482505772"
2024-10-02 06:00:00+00:00,741,0,"0,4417138482505772","0,4417138482505772","0,4417138482505772"
2024-10-02 07:00:00+00:00,741,0,"0,4417138482505772","0,4417138482505772","0,4417138482505772"
2024-10-02 08:00:00+00:00,741,0,"0,4417138482505772","0,4417138482505772","0,4417138482505772"
2024-10-02 09:00:00+00:00,741,0,"0,4417138482505772","0,4417138482505772","0,4417138482505772"
2024-10-02 10:00:00+00:00,741,0,"0,4417138482505772","0,4417138482505772","0,4417138482505772"
2024-10-02 11:00:00+00:00,741,0,"0,4417138482505772","0,4417138482505772","0,4417138482505772"
2024-10-02 12:00:00+00:00,741,0,"0,4417138482505772","0,4417138482505772","0,4417138482505772"
2024-10-02 13:00:00+00:00,741,0,"0,4417138482505772","0,4417138482505772","0,4417138482505772"
2024-10-02 14:00:00+00:00,741,0,"0,4417138482505772","0,4417138482505772","0,4417138482505772"
2024-10-02 15:00:00+00:00,741,0,"0,4417138482505772","0,4417138482505772","0,4417138482505772"
2024-10-02 16:00:00+00:00,741,0,"0,4417138482505772","0,4417138482505772","0,4417138482505772"
2024-10-02 17:00:00+00:00,741,0,"0,4417138482505772","0,4417138482505772","0,4417138482505772"
2024-10-02 18:00:00+00:00,741,0,"0,4417138482505772","0,4417138482505772","0,4417138482505772"
2024-10-02 19:00:00+00:00,741,0,"0,4417138482505772","0,4417138482505772","0,4417138482505772"
2024-10-02 20:00:00+00:00,741,0,"0,4417138482505772","0,4417138482505772","0,4417138482505772"
2024-10-02 21:00:00+00:00,741,0,"0,4417138482505772","0,4417138482505772","0,4417138482505772"
2024-10-02 22:00:00+00:00,741,0,"0,4417138482505772","0,4417138482505772","0,4417138482505772"
2024-10-02 23:00:00+00:00,741,0,"0,4417138482505772","0,4417138482505772","0,4417138482505772"
